{
 "seed": "A",
 "n": 48,
 "delta": 0.3,
 "bc": "pinned",
 "E_end": 3.7218211420287046,
 "E_u": 3.3500965347439697,
 "E_v": 0.37172460728473466,
 "u_over_3v": 3.0041025614946295,
 "r_half": 19.30673457630782,
 "retention": {
  "per_eig": [
   0.7281571952174218,
   0.6586690365920888,
   0.7016963335985527
  ],
  "mean": 0.6961741884693544
 },
 "core": {
  "core_lams": [
   0.002608851245042942,
   0.39415173829732203,
   0.9649096724347138
  ],
  "core_spread": 0.9623008211896709,
  "axis_lams": [
   0.08276931558790944,
   0.5984321998044883,
   0.8368052518376482
  ]
 },
 "overlap_end": {
  "r": [
   0.8055840474786496,
   2.416752142435949,
   4.027920237393248,
   5.639088332350548,
   7.250256427307846,
   8.861424522265146,
   10.472592617222446,
   12.083760712179744,
   13.694928807137044,
   15.306096902094342,
   16.917264997051642,
   18.528433092008942,
   20.139601186966242,
   21.75076928192354,
   23.36193737688084,
   24.97310547183814,
   26.58427356679544,
   28.19544166175274,
   29.80660975671004,
   31.417777851667335,
   33.02894594662463,
   34.64011404158194,
   36.25128213653923,
   37.86245023149654
  ],
  "O": [
   [
    [
     0.6673666929227072,
     0.014596170990985771,
     0.3180371360863074
    ],
    [
     0.01008511785804051,
     0.9854007754288426,
     0.004514106713116755
    ],
    [
     0.3225481892192528,
     3.0535801714941053e-06,
     0.6774487572005761
    ]
   ],
   [
    [
     0.12151925539450933,
     0.5699630491973504,
     0.30851769540814034
    ],
    [
     0.3248000428377388,
     0.21824463237042768,
     0.4569553247918333
    ],
    [
     0.5536807017677519,
     0.2117923184322219,
     0.2345269798000264
    ]
   ],
   [
    [
     0.1787223824452378,
     0.27237552818733585,
     0.5489020893674263
    ],
    [
     0.29039802158554656,
     0.4020661116413349,
     0.3075358667731185
    ],
    [
     0.5308795959692156,
     0.3255583601713292,
     0.14356204385945515
    ]
   ],
   [
    [
     0.18407194751196856,
     0.1608639864462314,
     0.6550640660418
    ],
    [
     0.26816564345418026,
     0.5314585521037416,
     0.200375804442078
    ],
    [
     0.5477624090338511,
     0.307677461450027,
     0.14456012951612185
    ]
   ],
   [
    [
     0.14497097224258937,
     0.13478048754914235,
     0.7202485402082682
    ],
    [
     0.2779376175227136,
     0.563787382848394,
     0.15827499962889238
    ],
    [
     0.577091410234697,
     0.30143212960246357,
     0.12147646016283935
    ]
   ],
   [
    [
     0.14146843917301724,
     0.13591659185797075,
     0.7226149689690121
    ],
    [
     0.24432736306833666,
     0.6102157803603125,
     0.14545685657135085
    ],
    [
     0.6142041977586462,
     0.25386762778171673,
     0.13192817445963714
    ]
   ],
   [
    [
     0.14578992578597674,
     0.12982178997727467,
     0.7243882842367487
    ],
    [
     0.20266144254173335,
     0.6496921612117745,
     0.147646396246492
    ],
    [
     0.6515486316722899,
     0.22048604881095063,
     0.12796531951675943
    ]
   ],
   [
    [
     0.12150120676967936,
     0.15754036018619966,
     0.7209584330441209
    ],
    [
     0.1992466590054299,
     0.6583505781357596,
     0.14240276285881054
    ],
    [
     0.6792521342248907,
     0.1841090616780408,
     0.1366388040970685
    ]
   ],
   [
    [
     0.09742203499230205,
     0.17490041495565875,
     0.7276775500520392
    ],
    [
     0.18109736131005896,
     0.6701996879871904,
     0.14870295070275052
    ],
    [
     0.7214806036976389,
     0.1548998970571507,
     0.12361949924521026
    ]
   ],
   [
    [
     0.07969541138566004,
     0.18505710504607625,
     0.7352474835682636
    ],
    [
     0.15723411939106596,
     0.6755426273095712,
     0.1672232532993627
    ],
    [
     0.7630704692232739,
     0.13940026764435248,
     0.09752926313237353
    ]
   ],
   [
    [
     0.06375098081743998,
     0.21599926149242393,
     0.7202497576901362
    ],
    [
     0.14681618616979625,
     0.6584046535301323,
     0.19477916030007147
    ],
    [
     0.7894328330127638,
     0.12559608497744382,
     0.08497108200979238
    ]
   ],
   [
    [
     0.04698448205117749,
     0.22328193434245547,
     0.7297335836063671
    ],
    [
     0.1355359627636646,
     0.6649880714758307,
     0.19947596576050472
    ],
    [
     0.8174795551851578,
     0.11172999418171385,
     0.07079045063312825
    ]
   ],
   [
    [
     0.036214995950645965,
     0.20434468041454557,
     0.7594403236348084
    ],
    [
     0.10684963185917222,
     0.7033777543509747,
     0.18977261378985302
    ],
    [
     0.8569353721901818,
     0.09227756523447966,
     0.050787062575338514
    ]
   ],
   [
    [
     0.025192506153902856,
     0.18228611816896786,
     0.7925213756771293
    ],
    [
     0.07317069810607521,
     0.7554499316303177,
     0.17137937026360708
    ],
    [
     0.9016367957400219,
     0.0622639502007144,
     0.03609925405926367
    ]
   ],
   [
    [
     0.01710133586549566,
     0.14593956073924264,
     0.8369591033952616
    ],
    [
     0.044699555555433694,
     0.813336530700345,
     0.1419639137442214
    ],
    [
     0.9381991085790709,
     0.04072390856041248,
     0.021076982860516874
    ]
   ],
   [
    [
     0.01474320583965953,
     0.11341586958272606,
     0.8718409245776143
    ],
    [
     0.032387710644307,
     0.8564848505066891,
     0.11112743884900392
    ],
    [
     0.9528690835160334,
     0.030099279910584836,
     0.01703163657338169
    ]
   ],
   [
    [
     0.010223260144893115,
     0.06951268564017678,
     0.9202640542149302
    ],
    [
     0.01957421578285138,
     0.9127320486276667,
     0.06769373558948179
    ],
    [
     0.9702025240722555,
     0.01775526573215639,
     0.0120422101955881
    ]
   ],
   [
    [
     0.008437645384828543,
     0.04336357155341162,
     0.9481987830617598
    ],
    [
     0.009181018856481121,
     0.9477187886223445,
     0.043100192521174516
    ],
    [
     0.9823813357586902,
     0.008917639824244025,
     0.00870102441706564
    ]
   ],
   [
    [
     0.0046677775786942675,
     0.019514247284118092,
     0.9758179751371876
    ],
    [
     0.004942915504330863,
     0.9753356008772743,
     0.01972148361839467
    ],
    [
     0.9903893069169748,
     0.005150151838607444,
     0.004460541244417686
    ]
   ],
   [
    [
     0.003064344651769027,
     0.012413153501152656,
     0.9845225018470781
    ],
    [
     0.002419834206055306,
     0.9845995520197941,
     0.01298061377415058
    ],
    [
     0.9945158211421757,
     0.002987294479053228,
     0.0024968843787711048
    ]
   ],
   [
    [
     0.001374276444576625,
     0.005726971177529767,
     0.9928987523778936
    ],
    [
     0.0009979461838418979,
     0.9932760181991617,
     0.005726035616996426
    ],
    [
     0.9976277773715815,
     0.000997010623308556,
     0.0013752120051099665
    ]
   ],
   [
    [
     0.0006965544920410943,
     0.004024364114248934,
     0.99527908139371
    ],
    [
     0.00045223706937577425,
     0.9952691603523955,
     0.004278602578228724
    ],
    [
     0.9988512084385832,
     0.0007064755333555649,
     0.00044231602806130295
    ]
   ],
   [
    [
     0.0002536231352163615,
     0.00022433638847943672,
     0.9995220404763041
    ],
    [
     5.7020533915585605e-05,
     0.9997230938606734,
     0.00021988560541111036
    ],
    [
     0.999689356330868,
     5.256975084725852e-05,
     0.00025807391828468873
    ]
   ],
   [
    [
     7.504098891448345e-06,
     6.9585468234766065e-06,
     0.9999855373542851
    ],
    [
     6.5649004959586035e-06,
     0.999986454226681,
     6.980872823089605e-06
    ],
    [
     0.9999859310006127,
     6.5872264955717255e-06,
     7.481772891835354e-06
    ]
   ]
  ],
  "lams": [
   [
    -0.09776219349923121,
    0.3505731529313302,
    0.9990995947988831
   ],
   [
    0.009212241370220425,
    0.3874929592688188,
    0.9619081189376987
   ],
   [
    0.016319990877941223,
    0.3963748410738788,
    0.9596031538123726
   ],
   [
    -0.01406597126813827,
    0.403891624995437,
    0.9614534004960831
   ],
   [
    -0.008914722990347035,
    0.40160862964767197,
    0.9587125022407053
   ],
   [
    -0.03028506305111018,
    0.40481970499709563,
    0.9619995896513905
   ],
   [
    -0.02093732428923548,
    0.3835042378554668,
    0.9689829251235337
   ],
   [
    -0.019175345556994305,
    0.3726039193319548,
    0.9735050131241708
   ],
   [
    -0.019680170635132298,
    0.3642445983489441,
    0.9772734841766083
   ],
   [
    -0.018090339761457484,
    0.3619986714227149,
    0.9783396043501469
   ],
   [
    -0.012281082792403064,
    0.3542930286135881,
    0.9802950144766897
   ],
   [
    -0.012375339147541907,
    0.3552108397388529,
    0.9800705260594511
   ],
   [
    -0.001597067856655426,
    0.3487148934280453,
    0.9807957351344561
   ],
   [
    0.010633509335982215,
    0.338711954644066,
    0.9826253146934794
   ],
   [
    0.014504035335044824,
    0.3277455266758158,
    0.9864149150793462
   ],
   [
    0.018122329141542264,
    0.3175730403196577,
    0.9891623985159501
   ],
   [
    0.02205561035318208,
    0.3122755076374986,
    0.9904388629040204
   ],
   [
    0.02331701337115298,
    0.3063747832708459,
    0.9926504448804523
   ],
   [
    0.02108277154597475,
    0.3046425416672004,
    0.9939806541569209
   ],
   [
    0.013408599803668516,
    0.3038349304900464,
    0.9960261766060172
   ],
   [
    0.00927966560159636,
    0.3013619782408728,
    0.9977625039662591
   ],
   [
    0.0065552445308197805,
    0.3017572450406644,
    0.9982258935792852
   ],
   [
    0.004775073513965105,
    0.3004826805950276,
    0.9990058357994526
   ],
   [
    0.0012184957341783637,
    0.30009215801834804,
    0.9997668092573986
   ]
  ]
 },
 "overlap_seed": {
  "r": [
   0.8055840474786496,
   2.416752142435949,
   4.027920237393248,
   5.639088332350548,
   7.250256427307846,
   8.861424522265146,
   10.472592617222446,
   12.083760712179744,
   13.694928807137044,
   15.306096902094342,
   16.917264997051642,
   18.528433092008942,
   20.139601186966242,
   21.75076928192354,
   23.36193737688084,
   24.97310547183814,
   26.58427356679544,
   28.19544166175274,
   29.80660975671004,
   31.417777851667335,
   33.02894594662463,
   34.64011404158194,
   36.25128213653923,
   37.86245023149654
  ],
  "O": [
   [
    [
     6.933347799794049e-31,
     2.246404687133272e-30,
     0.9999999999999998
    ],
    [
     3.555502755164098e-30,
     0.9999999999999996,
     1.9973676107954558e-30
    ],
    [
     1.0,
     2.0830858278492343e-30,
     6.039716305598372e-31
    ]
   ],
   [
    [
     2.2148194360453212e-32,
     4.097837253859179e-31,
     1.0
    ],
    [
     1.5150912866484417e-31,
     1.0,
     6.32183312902472e-31
    ],
    [
     1.0,
     2.691487097281162e-31,
     6.615569358970155e-32
    ]
   ],
   [
    [
     1.142121246090105e-32,
     1.038832055555221e-31,
     1.0
    ],
    [
     4.475655850386811e-32,
     1.0,
     1.3309253443491788e-31
    ],
    [
     1.0,
     8.461998706815824e-32,
     1.7785739091073754e-32
    ]
   ],
   [
    [
     6.581105349439015e-33,
     5.463689823502155e-32,
     1.0
    ],
    [
     2.6749700584464507e-32,
     1.0,
     7.212206494818616e-32
    ],
    [
     1.0,
     5.484338928477441e-32,
     1.4951298252479858e-32
    ]
   ],
   [
    [
     9.07529421091661e-33,
     4.261680680991984e-32,
     1.0
    ],
    [
     2.367160637052504e-32,
     1.0,
     5.865860719625609e-32
    ],
    [
     1.0,
     6.181226610870257e-32,
     1.1975900863645765e-32
    ]
   ],
   [
    [
     8.513396448046435e-33,
     4.987426007075253e-32,
     1.0
    ],
    [
     2.0300452830894063e-32,
     1.0,
     6.200765955331136e-32
    ],
    [
     1.0,
     5.214455324428441e-32,
     1.2093808302567347e-32
    ]
   ],
   [
    [
     1.1902922197806537e-32,
     4.425292648726752e-32,
     1.0
    ],
    [
     2.799907092679249e-32,
     1.0,
     5.841627687529544e-32
    ],
    [
     1.0,
     5.522497514241964e-32,
     1.5799376958909533e-32
    ]
   ],
   [
    [
     9.996988759995638e-33,
     4.2920986979596854e-32,
     1.0
    ],
    [
     2.9689455845779594e-32,
     1.0,
     5.857986538487231e-32
    ],
    [
     1.0,
     5.34992844659988e-32,
     1.39537476330744e-32
    ]
   ],
   [
    [
     1.0557777408418688e-32,
     3.9394930484832965e-32,
     1.0
    ],
    [
     2.6857144901468196e-32,
     1.0,
     4.8870623850794896e-32
    ],
    [
     1.0,
     5.004516481462515e-32,
     1.1168417831390711e-32
    ]
   ],
   [
    [
     8.759981847868205e-33,
     4.174054372818417e-32,
     1.0
    ],
    [
     2.5254247907128287e-32,
     1.0,
     5.706822021875015e-32
    ],
    [
     1.0,
     5.029546316878492e-32,
     1.2199819019031965e-32
    ]
   ],
   [
    [
     9.463449605984632e-33,
     4.1283854209602014e-32,
     1.0
    ],
    [
     2.4456538284241005e-32,
     1.0,
     5.465464870251598e-32
    ],
    [
     1.0,
     5.435683228052702e-32,
     1.324462159152407e-32
    ]
   ],
   [
    [
     1.0224280592265738e-32,
     3.536308706521275e-32,
     1.0
    ],
    [
     2.811148475325926e-32,
     1.0,
     5.04082607412793e-32
    ],
    [
     1.0,
     5.465999830758643e-32,
     1.2792237339207687e-32
    ]
   ],
   [
    [
     9.741490611608072e-33,
     4.08219600183715e-32,
     1.0
    ],
    [
     2.4921976648565446e-32,
     1.0,
     5.117698251011304e-32
    ],
    [
     1.0,
     4.88261177331941e-32,
     1.243265083524902e-32
    ]
   ],
   [
    [
     9.527716743840829e-33,
     3.8789850508218627e-32,
     1.0
    ],
    [
     2.527391486718516e-32,
     1.0,
     5.069097201063777e-32
    ],
    [
     1.0,
     5.431948068539755e-32,
     1.3271719395571067e-32
    ]
   ],
   [
    [
     1.0119854087963185e-32,
     4.1192381789603637e-32,
     1.0
    ],
    [
     2.4058779150217086e-32,
     1.0,
     5.30924732289093e-32
    ],
    [
     1.0,
     5.037931634393449e-32,
     1.2533358816667128e-32
    ]
   ],
   [
    [
     1.021546498467062e-32,
     4.142703667334827e-32,
     1.0
    ],
    [
     2.606049783233402e-32,
     1.0,
     5.215524061112468e-32
    ],
    [
     1.0,
     5.208179042273697e-32,
     1.4066899627557947e-32
    ]
   ],
   [
    [
     1.1634452349819384e-32,
     4.350409268800878e-32,
     1.0
    ],
    [
     3.0574136190765296e-32,
     1.0,
     5.348576721614351e-32
    ],
    [
     1.0,
     6.286238378621917e-32,
     1.5676530122110635e-32
    ]
   ],
   [
    [
     1.189737573982472e-32,
     4.8194680381918663e-32,
     1.0
    ],
    [
     3.3162426366700255e-32,
     1.0,
     5.371064412016721e-32
    ],
    [
     1.0,
     7.141659589565206e-32,
     1.551928211363504e-32
    ]
   ],
   [
    [
     1.104530092019704e-32,
     4.958658985798245e-32,
     1.0
    ],
    [
     3.454755034524645e-32,
     1.0,
     5.611364366746747e-32
    ],
    [
     1.0,
     7.32813838727553e-32,
     1.5755537363919854e-32
    ]
   ],
   [
    [
     1.1522503319898917e-32,
     5.509324559179172e-32,
     1.0
    ],
    [
     4.0795325350181855e-32,
     1.0,
     5.932061020308103e-32
    ],
    [
     1.0,
     8.219056074707857e-32,
     1.5704700431340728e-32
    ]
   ],
   [
    [
     1.1235150874390707e-32,
     5.581939293518018e-32,
     1.0
    ],
    [
     3.748118941660953e-32,
     1.0,
     5.586596553442306e-32
    ],
    [
     1.0,
     7.067592173126687e-32,
     1.6592418738553082e-32
    ]
   ],
   [
    [
     1.0352571251785881e-32,
     6.214473514030378e-32,
     1.0
    ],
    [
     4.772103197251469e-32,
     1.0,
     6.121527418941319e-32
    ],
    [
     1.0,
     1.0432678772661117e-31,
     1.6359239716019695e-32
    ]
   ],
   [
    [
     8.989444043870904e-33,
     7.590554790471846e-32,
     1.0
    ],
    [
     4.3312621695402436e-32,
     1.0,
     5.833487767908393e-32
    ],
    [
     1.0,
     1.0294294786881954e-31,
     1.4153592749924403e-32
    ]
   ],
   [
    [
     9.796372015629403e-33,
     5.489187793734127e-32,
     1.0
    ],
    [
     6.428969577469116e-32,
     1.0,
     4.666175830690446e-32
    ],
    [
     1.0,
     1.2298356229949775e-31,
     1.2141982216554752e-32
    ]
   ]
  ],
  "lams": [
   [
    0.413489555253315,
    0.4272275554625585,
    0.4592828892841268
   ],
   [
    0.29389375205117807,
    0.3904288467849771,
    0.6156774011638443
   ],
   [
    0.15062105293783942,
    0.34634493936549055,
    0.8030340076966711
   ],
   [
    0.05956588739373938,
    0.31832796535191915,
    0.92210614725434
   ],
   [
    0.0163230567792065,
    0.30502247900898655,
    0.9786544642118064
   ],
   [
    0.0031195975563493776,
    0.3009598761711829,
    0.9959205262724642
   ],
   [
    0.0004943376464793185,
    0.3001521038912259,
    0.9993535584622909
   ],
   [
    5.492342603042689e-05,
    0.30001689951569777,
    0.999928177058264
   ],
   [
    4.434297785498467e-06,
    0.30000136439931807,
    0.9999942013029008
   ],
   [
    2.600421481479267e-07,
    0.30000008001296674,
    0.999999659944889
   ],
   [
    1.0511767400777307e-08,
    0.3000000032343947,
    0.9999999862538406
   ],
   [
    3.4490294977196096e-10,
    0.3000000001061346,
    0.9999999995489677
   ],
   [
    7.407335921082668e-12,
    0.30000000000227633,
    0.9999999999903446
   ],
   [
    1.2533464770188805e-13,
    0.3000000000000691,
    0.9999999999998951
   ],
   [
    1.3768603253233718e-15,
    0.3000000000000503,
    0.9999999999999999
   ],
   [
    7.522039223297716e-18,
    0.3000000000000503,
    1.0
   ],
   [
    -1.6012606475665012e-18,
    0.3000000000000378,
    1.0
   ],
   [
    -3.0199982133419744e-18,
    0.30000000000001714,
    1.0
   ],
   [
    -1.3041489698545782e-18,
    0.2999999999999919,
    1.0
   ],
   [
    -3.2062256739633437e-18,
    0.29999999999997073,
    1.0
   ],
   [
    4.551720801504453e-18,
    0.2999999999999777,
    1.0
   ],
   [
    -2.1870612566043687e-18,
    0.2999999999999959,
    1.0
   ],
   [
    -8.901408514597878e-19,
    0.30000000000000643,
    1.0
   ],
   [
    -1.3932963869274125e-17,
    0.3000000000000007,
    1.0
   ]
  ]
 },
 "stop": "max_iter",
 "trace": [
  {
   "it": 20500,
   "E": 3.726120714264792,
   "E_u": 3.3518322140187107,
   "E_v": 0.3742885002460815,
   "fmax": 2.0278055871337075e-05,
   "dt": 0.2
  },
  {
   "it": 21000,
   "E": 3.7256086939857536,
   "E_u": 3.351620970550132,
   "E_v": 0.3739877234356219,
   "fmax": 3.622493284107368e-05,
   "dt": 0.2
  },
  {
   "it": 21500,
   "E": 3.7246155064385262,
   "E_u": 3.351366440821728,
   "E_v": 0.37324906561679816,
   "fmax": 1.1614177771479436e-05,
   "dt": 0.2
  },
  {
   "it": 22000,
   "E": 3.724334864697094,
   "E_u": 3.3508992510690545,
   "E_v": 0.37343561362803984,
   "fmax": 2.8453686416039e-05,
   "dt": 0.2
  },
  {
   "it": 22500,
   "E": 3.7240095602803156,
   "E_u": 3.3510469987067673,
   "E_v": 0.37296256157354846,
   "fmax": 4.118933375516522e-05,
   "dt": 0.2
  },
  {
   "it": 23000,
   "E": 3.723470292886406,
   "E_u": 3.3509933837347115,
   "E_v": 0.3724769091516946,
   "fmax": 4.104764199484462e-05,
   "dt": 0.2
  },
  {
   "it": 23500,
   "E": 3.7222563227940797,
   "E_u": 3.350265475856463,
   "E_v": 0.3719908469376166,
   "fmax": 1.163485349652016e-05,
   "dt": 0.2
  },
  {
   "it": 24000,
   "E": 3.7218211420287046,
   "E_u": 3.3500965347439697,
   "E_v": 0.37172460728473466,
   "fmax": 1.4130727954995967e-05,
   "dt": 0.2
  }
 ],
 "wall_s": 3410.181211233139,
 "core_locus": {
  "vmax_rho": 7.7781745930520225,
  "vmax_z": -10.5,
  "vmax_r": 13.06713434537198,
  "shell_peak_r": 2.892069045795928
 }
}