{
 "seed": "A",
 "n": 48,
 "delta": 0.3,
 "bc": "free",
 "E_end": 0.02382186397264784,
 "E_u": 0.003931216622435322,
 "E_v": 0.019890647350212516,
 "u_over_3v": 0.06588048733354943,
 "r_half": 12.835497652993435,
 "retention": {
  "per_eig": [
   0.5826614972726883,
   0.5773977948870125,
   0.6957609050757416
  ],
  "mean": 0.6186067324118142
 },
 "core": {
  "core_lams": [
   -0.12422760651337174,
   0.45426366828836595,
   0.962546612578938
  ],
  "core_spread": 1.0867742190923098,
  "axis_lams": [
   -0.11264323288919725,
   0.4356285565033795,
   0.9686421672616509
  ]
 },
 "overlap_end": {
  "r": [
   0.8055840474786496,
   2.416752142435949,
   4.027920237393248,
   5.639088332350548,
   7.250256427307846,
   8.861424522265146,
   10.472592617222446,
   12.083760712179744,
   13.694928807137044,
   15.306096902094342,
   16.917264997051642,
   18.528433092008942,
   20.139601186966242,
   21.75076928192354,
   23.36193737688084,
   24.97310547183814,
   26.58427356679544,
   28.19544166175274,
   29.80660975671004,
   31.417777851667335,
   33.02894594662463,
   34.64011404158194,
   36.25128213653923,
   37.86245023149654
  ],
  "O": [
   [
    [
     0.3331005287170607,
     2.3994809713576187e-07,
     0.6668992313348422
    ],
    [
     0.00014769447141583383,
     0.9997884786117408,
     6.382691684318707e-05
    ],
    [
     0.6667517768115239,
     0.0002112814401618803,
     0.3330369417483147
    ]
   ],
   [
    [
     0.17002069681126278,
     0.2765658749706159,
     0.5534134282181213
    ],
    [
     0.3137731243931533,
     0.41410394907359516,
     0.27212292653325143
    ],
    [
     0.5162061787955837,
     0.30933017595578893,
     0.17446364524862712
    ]
   ],
   [
    [
     0.1780139289907847,
     0.32828396168500834,
     0.49370210932420694
    ],
    [
     0.386950643312162,
     0.3443328723077824,
     0.26871648438005563
    ],
    [
     0.4350354276970533,
     0.32738316600720924,
     0.23758140629573743
    ]
   ],
   [
    [
     0.2148357227005977,
     0.27479473611566446,
     0.5103695411837378
    ],
    [
     0.3424377794678392,
     0.3557934339132207,
     0.30176878661893997
    ],
    [
     0.44272649783156315,
     0.36941182997111477,
     0.18786167219732217
    ]
   ],
   [
    [
     0.2270534198013658,
     0.24356334294384646,
     0.5293832372547879
    ],
    [
     0.24077015934423127,
     0.44926374908787164,
     0.30996609156789706
    ],
    [
     0.532176420854403,
     0.3071729079682819,
     0.1606506711773152
    ]
   ],
   [
    [
     0.20505474155883488,
     0.28480873200092605,
     0.510136526440239
    ],
    [
     0.17305328333942058,
     0.4900534682599129,
     0.33689324840066653
    ],
    [
     0.6218919751017444,
     0.22513779973916093,
     0.15297022515909448
    ]
   ],
   [
    [
     0.19796877109574046,
     0.22941616291612044,
     0.5726150659881392
    ],
    [
     0.1314069210169777,
     0.5600443132463837,
     0.3085487657366386
    ],
    [
     0.670624307887282,
     0.21053952383749594,
     0.11883616827522221
    ]
   ],
   [
    [
     0.1576614388678909,
     0.28443537111953765,
     0.5579031900125715
    ],
    [
     0.1416135121738186,
     0.5427658912210204,
     0.31562059660516106
    ],
    [
     0.7007250489582906,
     0.17279873765944206,
     0.12647621338226744
    ]
   ],
   [
    [
     0.16195608591509553,
     0.25675636443541217,
     0.5812875496494923
    ],
    [
     0.11960001075991653,
     0.594520210091914,
     0.2858797791481696
    ],
    [
     0.718443903324988,
     0.1487234254726739,
     0.13283267120233813
    ]
   ],
   [
    [
     0.16353353137749704,
     0.2003148689460731,
     0.6361515996764299
    ],
    [
     0.11636405577727345,
     0.6379485291354706,
     0.24568741508725578
    ],
    [
     0.7201024128452295,
     0.1617366019184562,
     0.11816098523631431
    ]
   ],
   [
    [
     0.1456496660789548,
     0.17148825242594,
     0.6828620814951052
    ],
    [
     0.11627747001030653,
     0.6789532900698859,
     0.20476923991980758
    ],
    [
     0.7380728639107387,
     0.14955845750417407,
     0.11236867858508726
    ]
   ],
   [
    [
     0.14167376648655686,
     0.16563969172227921,
     0.692686541791164
    ],
    [
     0.12018974133153747,
     0.6822181804661596,
     0.19759207820230304
    ],
    [
     0.7381364921819056,
     0.15214212781156133,
     0.10972138000653302
    ]
   ],
   [
    [
     0.1438213062054573,
     0.15359746850763403,
     0.7025812252869086
    ],
    [
     0.1205409884079339,
     0.6897261377736738,
     0.18973287381839227
    ],
    [
     0.7356377053866088,
     0.1566763937186921,
     0.10768590089469908
    ]
   ],
   [
    [
     0.1372149103265748,
     0.14158204674430086,
     0.7212030429291244
    ],
    [
     0.12008534950543064,
     0.7091913866517247,
     0.1707232638428446
    ],
    [
     0.7426997401679946,
     0.14922656660397438,
     0.10807369322803106
    ]
   ],
   [
    [
     0.13272337657957775,
     0.14244273651620518,
     0.7248338869042171
    ],
    [
     0.12780820309351817,
     0.7044968537225634,
     0.1676949431839183
    ],
    [
     0.7394684203269041,
     0.15306040976123128,
     0.10747116991186464
    ]
   ],
   [
    [
     0.11404322890033342,
     0.11110672691233626,
     0.7748500441873303
    ],
    [
     0.11508794391331391,
     0.758480952402324,
     0.12643110368436208
    ],
    [
     0.7708688271863526,
     0.1304123206853397,
     0.09871885212830764
    ]
   ],
   [
    [
     0.09987159773609253,
     0.08715530070027044,
     0.8129731015636371
    ],
    [
     0.10263494596799741,
     0.8026185568137416,
     0.09474649721826087
    ],
    [
     0.79749345629591,
     0.11022614248598787,
     0.09228040121810209
    ]
   ],
   [
    [
     0.08775310950436618,
     0.06980609721494616,
     0.8424407932806877
    ],
    [
     0.08192370619318046,
     0.842838248688736,
     0.07523804511808362
    ],
    [
     0.8303231843024534,
     0.08735565409631792,
     0.08232116160122872
    ]
   ],
   [
    [
     0.07383502263565192,
     0.07250395525548577,
     0.8536610221088623
    ],
    [
     0.07300239990216084,
     0.8553940182542761,
     0.07160358184356307
    ],
    [
     0.8531625774621873,
     0.07210202649023814,
     0.07473539604757458
    ]
   ],
   [
    [
     0.06312025840695809,
     0.05799213803357959,
     0.8788876035594623
    ],
    [
     0.05176726508295042,
     0.8882301409275146,
     0.06000259398953479
    ],
    [
     0.8851124765100914,
     0.05377772103890561,
     0.06110980245100289
    ]
   ],
   [
    [
     0.045673029807441444,
     0.036556594356453975,
     0.9177703758361045
    ],
    [
     0.02877207181770368,
     0.9316020537183152,
     0.03962587446398109
    ],
    [
     0.9255548983748548,
     0.031841351925230806,
     0.04260374969991431
    ]
   ],
   [
    [
     0.03264437427381927,
     0.009388759114542676,
     0.957966866611638
    ],
    [
     0.005921516263122647,
     0.9818936605939846,
     0.012184823142892856
    ],
    [
     0.9614341094630582,
     0.00871758029147283,
     0.029848310245469092
    ]
   ],
   [
    [
     0.02352433544299859,
     0.0038674833901386862,
     0.9726081811668627
    ],
    [
     0.003674133544176445,
     0.991296837609946,
     0.005029028845877439
    ],
    [
     0.972801531012825,
     0.0048356789999152005,
     0.022362789987259837
    ]
   ],
   [
    [
     0.012357091883881354,
     0.0020835416874940478,
     0.9855593664286245
    ],
    [
     0.0025690376213624595,
     0.9947713505730889,
     0.002659611805548686
    ],
    [
     0.985073870494756,
     0.0031451077394171034,
     0.011781021765826712
    ]
   ]
  ],
  "lams": [
   [
    -0.09872059803860421,
    0.3797617941568628,
    0.9891514188489721
   ],
   [
    -0.09639787307999051,
    0.4198004434648278,
    0.9722137224054266
   ],
   [
    -0.06501939625766631,
    0.38777689054366876,
    0.9775921531717029
   ],
   [
    -0.05549066885183653,
    0.36962282295845983,
    0.9829951435596245
   ],
   [
    -0.053110906685771495,
    0.3698199108310872,
    0.9822303051480605
   ],
   [
    -0.03196610029748006,
    0.34247193345931604,
    0.9893282004763391
   ],
   [
    -0.019942533126248555,
    0.328229828497086,
    0.9925545344861931
   ],
   [
    -0.007353425625040386,
    0.30975195928145427,
    0.9971833682385601
   ],
   [
    0.00010502246221951165,
    0.30221665116605473,
    0.9986634903785979
   ],
   [
    -0.001466035571677159,
    0.30608025179706494,
    0.9974274350276698
   ],
   [
    0.0003937240056534577,
    0.3017965736722125,
    0.9987464859270543
   ],
   [
    -0.0001311534766320848,
    0.30197557064678787,
    0.9988805904322678
   ],
   [
    -0.0008814033655425319,
    0.30267837498258165,
    0.9988771123722008
   ],
   [
    0.00017049364476747554,
    0.30094434341711995,
    0.9993097016083994
   ],
   [
    -0.000876948195076147,
    0.30201174551345955,
    0.9992053456715632
   ],
   [
    0.0010947200370854922,
    0.2988619338176771,
    1.0001293702202696
   ],
   [
    0.00012932960203821647,
    0.29992069446631664,
    0.9999908968075976
   ],
   [
    8.52776192412501e-05,
    0.2999720282178309,
    0.9999886975951257
   ],
   [
    -4.1581603373143e-05,
    0.3000927241080569,
    0.999974885656774
   ],
   [
    1.840270737607445e-05,
    0.29995892331441265,
    1.0000066602537074
   ],
   [
    -5.9579893436042725e-05,
    0.3001022519296981,
    0.9999780177051465
   ],
   [
    -0.00016137343333662803,
    0.3002105874250038,
    0.9999620824905442
   ],
   [
    -0.0002499267715079057,
    0.30029487369496977,
    0.9999513588329221
   ],
   [
    -5.9384214321668464e-05,
    0.30013799479287695,
    0.9999670965530487
   ]
  ]
 },
 "overlap_seed": {
  "r": [
   0.8055840474786496,
   2.416752142435949,
   4.027920237393248,
   5.639088332350548,
   7.250256427307846,
   8.861424522265146,
   10.472592617222446,
   12.083760712179744,
   13.694928807137044,
   15.306096902094342,
   16.917264997051642,
   18.528433092008942,
   20.139601186966242,
   21.75076928192354,
   23.36193737688084,
   24.97310547183814,
   26.58427356679544,
   28.19544166175274,
   29.80660975671004,
   31.417777851667335,
   33.02894594662463,
   34.64011404158194,
   36.25128213653923,
   37.86245023149654
  ],
  "O": [
   [
    [
     6.933347799794049e-31,
     2.246404687133272e-30,
     0.9999999999999998
    ],
    [
     3.555502755164098e-30,
     0.9999999999999996,
     1.9973676107954558e-30
    ],
    [
     1.0,
     2.0830858278492343e-30,
     6.039716305598372e-31
    ]
   ],
   [
    [
     2.2148194360453212e-32,
     4.097837253859179e-31,
     1.0
    ],
    [
     1.5150912866484417e-31,
     1.0,
     6.32183312902472e-31
    ],
    [
     1.0,
     2.691487097281162e-31,
     6.615569358970155e-32
    ]
   ],
   [
    [
     1.142121246090105e-32,
     1.038832055555221e-31,
     1.0
    ],
    [
     4.475655850386811e-32,
     1.0,
     1.3309253443491788e-31
    ],
    [
     1.0,
     8.461998706815824e-32,
     1.7785739091073754e-32
    ]
   ],
   [
    [
     6.581105349439015e-33,
     5.463689823502155e-32,
     1.0
    ],
    [
     2.6749700584464507e-32,
     1.0,
     7.212206494818616e-32
    ],
    [
     1.0,
     5.484338928477441e-32,
     1.4951298252479858e-32
    ]
   ],
   [
    [
     9.07529421091661e-33,
     4.261680680991984e-32,
     1.0
    ],
    [
     2.367160637052504e-32,
     1.0,
     5.865860719625609e-32
    ],
    [
     1.0,
     6.181226610870257e-32,
     1.1975900863645765e-32
    ]
   ],
   [
    [
     8.513396448046435e-33,
     4.987426007075253e-32,
     1.0
    ],
    [
     2.0300452830894063e-32,
     1.0,
     6.200765955331136e-32
    ],
    [
     1.0,
     5.214455324428441e-32,
     1.2093808302567347e-32
    ]
   ],
   [
    [
     1.1902922197806537e-32,
     4.425292648726752e-32,
     1.0
    ],
    [
     2.799907092679249e-32,
     1.0,
     5.841627687529544e-32
    ],
    [
     1.0,
     5.522497514241964e-32,
     1.5799376958909533e-32
    ]
   ],
   [
    [
     9.996988759995638e-33,
     4.2920986979596854e-32,
     1.0
    ],
    [
     2.9689455845779594e-32,
     1.0,
     5.857986538487231e-32
    ],
    [
     1.0,
     5.34992844659988e-32,
     1.39537476330744e-32
    ]
   ],
   [
    [
     1.0557777408418688e-32,
     3.9394930484832965e-32,
     1.0
    ],
    [
     2.6857144901468196e-32,
     1.0,
     4.8870623850794896e-32
    ],
    [
     1.0,
     5.004516481462515e-32,
     1.1168417831390711e-32
    ]
   ],
   [
    [
     8.759981847868205e-33,
     4.174054372818417e-32,
     1.0
    ],
    [
     2.5254247907128287e-32,
     1.0,
     5.706822021875015e-32
    ],
    [
     1.0,
     5.029546316878492e-32,
     1.2199819019031965e-32
    ]
   ],
   [
    [
     9.463449605984632e-33,
     4.1283854209602014e-32,
     1.0
    ],
    [
     2.4456538284241005e-32,
     1.0,
     5.465464870251598e-32
    ],
    [
     1.0,
     5.435683228052702e-32,
     1.324462159152407e-32
    ]
   ],
   [
    [
     1.0224280592265738e-32,
     3.536308706521275e-32,
     1.0
    ],
    [
     2.811148475325926e-32,
     1.0,
     5.04082607412793e-32
    ],
    [
     1.0,
     5.465999830758643e-32,
     1.2792237339207687e-32
    ]
   ],
   [
    [
     9.741490611608072e-33,
     4.08219600183715e-32,
     1.0
    ],
    [
     2.4921976648565446e-32,
     1.0,
     5.117698251011304e-32
    ],
    [
     1.0,
     4.88261177331941e-32,
     1.243265083524902e-32
    ]
   ],
   [
    [
     9.527716743840829e-33,
     3.8789850508218627e-32,
     1.0
    ],
    [
     2.527391486718516e-32,
     1.0,
     5.069097201063777e-32
    ],
    [
     1.0,
     5.431948068539755e-32,
     1.3271719395571067e-32
    ]
   ],
   [
    [
     1.0119854087963185e-32,
     4.1192381789603637e-32,
     1.0
    ],
    [
     2.4058779150217086e-32,
     1.0,
     5.30924732289093e-32
    ],
    [
     1.0,
     5.037931634393449e-32,
     1.2533358816667128e-32
    ]
   ],
   [
    [
     1.021546498467062e-32,
     4.142703667334827e-32,
     1.0
    ],
    [
     2.606049783233402e-32,
     1.0,
     5.215524061112468e-32
    ],
    [
     1.0,
     5.208179042273697e-32,
     1.4066899627557947e-32
    ]
   ],
   [
    [
     1.1634452349819384e-32,
     4.350409268800878e-32,
     1.0
    ],
    [
     3.0574136190765296e-32,
     1.0,
     5.348576721614351e-32
    ],
    [
     1.0,
     6.286238378621917e-32,
     1.5676530122110635e-32
    ]
   ],
   [
    [
     1.189737573982472e-32,
     4.8194680381918663e-32,
     1.0
    ],
    [
     3.3162426366700255e-32,
     1.0,
     5.371064412016721e-32
    ],
    [
     1.0,
     7.141659589565206e-32,
     1.551928211363504e-32
    ]
   ],
   [
    [
     1.104530092019704e-32,
     4.958658985798245e-32,
     1.0
    ],
    [
     3.454755034524645e-32,
     1.0,
     5.611364366746747e-32
    ],
    [
     1.0,
     7.32813838727553e-32,
     1.5755537363919854e-32
    ]
   ],
   [
    [
     1.1522503319898917e-32,
     5.509324559179172e-32,
     1.0
    ],
    [
     4.0795325350181855e-32,
     1.0,
     5.932061020308103e-32
    ],
    [
     1.0,
     8.219056074707857e-32,
     1.5704700431340728e-32
    ]
   ],
   [
    [
     1.1235150874390707e-32,
     5.581939293518018e-32,
     1.0
    ],
    [
     3.748118941660953e-32,
     1.0,
     5.586596553442306e-32
    ],
    [
     1.0,
     7.067592173126687e-32,
     1.6592418738553082e-32
    ]
   ],
   [
    [
     1.0352571251785881e-32,
     6.214473514030378e-32,
     1.0
    ],
    [
     4.772103197251469e-32,
     1.0,
     6.121527418941319e-32
    ],
    [
     1.0,
     1.0432678772661117e-31,
     1.6359239716019695e-32
    ]
   ],
   [
    [
     8.989444043870904e-33,
     7.590554790471846e-32,
     1.0
    ],
    [
     4.3312621695402436e-32,
     1.0,
     5.833487767908393e-32
    ],
    [
     1.0,
     1.0294294786881954e-31,
     1.4153592749924403e-32
    ]
   ],
   [
    [
     9.796372015629403e-33,
     5.489187793734127e-32,
     1.0
    ],
    [
     6.428969577469116e-32,
     1.0,
     4.666175830690446e-32
    ],
    [
     1.0,
     1.2298356229949775e-31,
     1.2141982216554752e-32
    ]
   ]
  ],
  "lams": [
   [
    0.413489555253315,
    0.4272275554625585,
    0.4592828892841268
   ],
   [
    0.29389375205117807,
    0.3904288467849771,
    0.6156774011638443
   ],
   [
    0.15062105293783942,
    0.34634493936549055,
    0.8030340076966711
   ],
   [
    0.05956588739373938,
    0.31832796535191915,
    0.92210614725434
   ],
   [
    0.0163230567792065,
    0.30502247900898655,
    0.9786544642118064
   ],
   [
    0.0031195975563493776,
    0.3009598761711829,
    0.9959205262724642
   ],
   [
    0.0004943376464793185,
    0.3001521038912259,
    0.9993535584622909
   ],
   [
    5.492342603042689e-05,
    0.30001689951569777,
    0.999928177058264
   ],
   [
    4.434297785498467e-06,
    0.30000136439931807,
    0.9999942013029008
   ],
   [
    2.600421481479267e-07,
    0.30000008001296674,
    0.999999659944889
   ],
   [
    1.0511767400777307e-08,
    0.3000000032343947,
    0.9999999862538406
   ],
   [
    3.4490294977196096e-10,
    0.3000000001061346,
    0.9999999995489677
   ],
   [
    7.407335921082668e-12,
    0.30000000000227633,
    0.9999999999903446
   ],
   [
    1.2533464770188805e-13,
    0.3000000000000691,
    0.9999999999998951
   ],
   [
    1.3768603253233718e-15,
    0.3000000000000503,
    0.9999999999999999
   ],
   [
    7.522039223297716e-18,
    0.3000000000000503,
    1.0
   ],
   [
    -1.6012606475665012e-18,
    0.3000000000000378,
    1.0
   ],
   [
    -3.0199982133419744e-18,
    0.30000000000001714,
    1.0
   ],
   [
    -1.3041489698545782e-18,
    0.2999999999999919,
    1.0
   ],
   [
    -3.2062256739633437e-18,
    0.29999999999997073,
    1.0
   ],
   [
    4.551720801504453e-18,
    0.2999999999999777,
    1.0
   ],
   [
    -2.1870612566043687e-18,
    0.2999999999999959,
    1.0
   ],
   [
    -8.901408514597878e-19,
    0.30000000000000643,
    1.0
   ],
   [
    -1.3932963869274125e-17,
    0.3000000000000007,
    1.0
   ]
  ]
 },
 "stop": "max_iter",
 "trace": [
  {
   "it": 20500,
   "E": 0.024141089308406267,
   "E_u": 0.003929824266511545,
   "E_v": 0.020211265041894723,
   "fmax": 1.1211665507199345e-05,
   "dt": 0.2
  },
  {
   "it": 21000,
   "E": 0.024106634192468383,
   "E_u": 0.0039450655739274535,
   "E_v": 0.020161568618540928,
   "fmax": 1.5033829329886015e-05,
   "dt": 0.2
  },
  {
   "it": 21500,
   "E": 0.024079944693301252,
   "E_u": 0.003969292200522139,
   "E_v": 0.020110652492779112,
   "fmax": 1.0530695099141229e-05,
   "dt": 0.2
  },
  {
   "it": 22000,
   "E": 0.024044295770799116,
   "E_u": 0.00397562804221431,
   "E_v": 0.020068667728584805,
   "fmax": 1.2260676518248293e-05,
   "dt": 0.2
  },
  {
   "it": 22500,
   "E": 0.024011648446147102,
   "E_u": 0.003953269870836398,
   "E_v": 0.020058378575310704,
   "fmax": 8.603176015443988e-06,
   "dt": 0.2
  },
  {
   "it": 23000,
   "E": 0.023890631582897972,
   "E_u": 0.003910042522173931,
   "E_v": 0.01998058906072404,
   "fmax": 3.9858042844840835e-06,
   "dt": 0.2
  },
  {
   "it": 23500,
   "E": 0.02384212100553588,
   "E_u": 0.003923150620020244,
   "E_v": 0.019918970385515638,
   "fmax": 5.776481949064784e-06,
   "dt": 0.2
  },
  {
   "it": 24000,
   "E": 0.02382186397264784,
   "E_u": 0.003931216622435322,
   "E_v": 0.019890647350212516,
   "fmax": 1.0263452351309452e-05,
   "dt": 0.2
  }
 ],
 "wall_s": 3450.083352804184,
 "core_locus": {
  "vmax_rho": 1.5811388300841898,
  "vmax_z": -12.5,
  "vmax_r": 12.599603168354152,
  "shell_peak_r": 0.9640230152653093
 }
}