{
 "seed": "B",
 "n": 48,
 "delta": 0.3,
 "bc": "pinned",
 "E_end": 17.369839657134985,
 "E_u": 16.83282078512419,
 "E_v": 0.5370188720107949,
 "u_over_3v": 10.448311137928268,
 "r_half": 19.04599695474091,
 "retention": {
  "per_eig": [
   0.7548287745075274,
   0.6713999367031818,
   0.7816010985849189
  ],
  "mean": 0.7359432699318761
 },
 "core": {
  "core_lams": [
   -0.034821249176710346,
   0.5173061184020699,
   0.9114005333439106
  ],
  "core_spread": 0.946221782520621,
  "axis_lams": [
   -0.12512268308942423,
   0.38129827726181026,
   0.9835735059189764
  ]
 },
 "overlap_end": {
  "r": [
   0.8055840474786496,
   2.416752142435949,
   4.027920237393248,
   5.639088332350548,
   7.250256427307846,
   8.861424522265146,
   10.472592617222446,
   12.083760712179744,
   13.694928807137044,
   15.306096902094342,
   16.917264997051642,
   18.528433092008942,
   20.139601186966242,
   21.75076928192354,
   23.36193737688084,
   24.97310547183814,
   26.58427356679544,
   28.19544166175274,
   29.80660975671004,
   31.417777851667335,
   33.02894594662463,
   34.64011404158194,
   36.25128213653923,
   37.86245023149654
  ],
  "O": [
   [
    [
     0.7329979462862216,
     0.00020051854597600652,
     0.2668015351678029
    ],
    [
     0.2665338218269927,
     0.0003392700186920911,
     0.7331269081543151
    ],
    [
     0.00046823188678613096,
     0.9994602114353319,
     7.155667788195756e-05
    ]
   ],
   [
    [
     0.22901218209191554,
     0.6578080661366432,
     0.11317975177144121
    ],
    [
     0.3998712325680681,
     0.10896563826712297,
     0.49116312916480886
    ],
    [
     0.37111658534001624,
     0.23322629559623387,
     0.3956571190637499
    ]
   ],
   [
    [
     0.13350700688619116,
     0.7875875517883152,
     0.0789054413254934
    ],
    [
     0.5470589740225078,
     0.09410495774666833,
     0.35883606823082387
    ],
    [
     0.3194340190913011,
     0.11830749046501625,
     0.5622584904436827
    ]
   ],
   [
    [
     0.13794699489717685,
     0.7972766763923163,
     0.06477632871050684
    ],
    [
     0.5500927871641316,
     0.10221833641971625,
     0.34768887641615215
    ],
    [
     0.31196021793869155,
     0.10050498718796741,
     0.5875347948733409
    ]
   ],
   [
    [
     0.18764834793548704,
     0.7406223153496978,
     0.07172933671481509
    ],
    [
     0.565163311325727,
     0.1532800280089023,
     0.2815566606653709
    ],
    [
     0.24718834073878618,
     0.10609765664139983,
     0.6467140026198139
    ]
   ],
   [
    [
     0.20243059804395738,
     0.7333711105234969,
     0.06419829143254568
    ],
    [
     0.6043871041370318,
     0.1750315244187257,
     0.22058137144424264
    ],
    [
     0.1931822978190109,
     0.09159736505777742,
     0.7152203371232115
    ]
   ],
   [
    [
     0.22822409972434124,
     0.7133362822883417,
     0.058439617987317026
    ],
    [
     0.5943657097625699,
     0.20554389002292953,
     0.2000904002145007
    ],
    [
     0.17741019051308893,
     0.08111982768872877,
     0.7414699817981824
    ]
   ],
   [
    [
     0.18986946756921558,
     0.7518739242591573,
     0.05825660817162704
    ],
    [
     0.6560918058126944,
     0.18086987619061556,
     0.16303831799668994
    ],
    [
     0.15403872661808996,
     0.06725619955022705,
     0.778705073831683
    ]
   ],
   [
    [
     0.18232595077011338,
     0.7595610131899668,
     0.05811303603991982
    ],
    [
     0.6920063311764683,
     0.16178950866816127,
     0.1462041601553705
    ],
    [
     0.12566771805341836,
     0.07864947814187197,
     0.7956828038047096
    ]
   ],
   [
    [
     0.1608920859580448,
     0.7848724683020826,
     0.05423544573987258
    ],
    [
     0.7303510481916017,
     0.14307895158232897,
     0.12657000022606943
    ],
    [
     0.10875686585035357,
     0.07204858011558841,
     0.819194554034058
    ]
   ],
   [
    [
     0.16011106025483227,
     0.7898540598899667,
     0.05003487985520114
    ],
    [
     0.7493575716165112,
     0.14345587997842554,
     0.10718654840506332
    ],
    [
     0.09053136812865656,
     0.06669006013160789,
     0.8427785717397355
    ]
   ],
   [
    [
     0.16280515974656876,
     0.7944839866616715,
     0.042710853591759586
    ],
    [
     0.7605035574726049,
     0.1488967933918998,
     0.09059964913549537
    ],
    [
     0.0766912827808264,
     0.056619219946428566,
     0.866689497272745
    ]
   ],
   [
    [
     0.1597215133833497,
     0.8005859424463723,
     0.03969254417027797
    ],
    [
     0.7714393318904629,
     0.15029208095982352,
     0.07826858714971362
    ],
    [
     0.06883915472618748,
     0.04912197659380412,
     0.8820388686800084
    ]
   ],
   [
    [
     0.15436792589524181,
     0.813731823807193,
     0.03190025029756516
    ],
    [
     0.7902939286242358,
     0.14526629483951176,
     0.06443977653625252
    ],
    [
     0.05533814548052241,
     0.04100188135329524,
     0.9036599731661823
    ]
   ],
   [
    [
     0.11326073451236529,
     0.860112618130199,
     0.026626647357435747
    ],
    [
     0.8474880661480105,
     0.11224299030594823,
     0.040268943546041366
    ],
    [
     0.039251199339624274,
     0.02764439156385284,
     0.933104409096523
    ]
   ],
   [
    [
     0.09485057997949886,
     0.884743147982331,
     0.020406272038170182
    ],
    [
     0.8735171865898728,
     0.09590730023115808,
     0.030575513178969276
    ],
    [
     0.0316322334306285,
     0.019349551786510953,
     0.9490182147828605
    ]
   ],
   [
    [
     0.08088944156292376,
     0.9019806408695078,
     0.017129917567568632
    ],
    [
     0.8939753704473143,
     0.08438490053289202,
     0.021639729019793667
    ],
    [
     0.025135187989761932,
     0.013634458597600367,
     0.9612303534126376
    ]
   ],
   [
    [
     0.06656214575349849,
     0.9202964366440589,
     0.013141417602442553
    ],
    [
     0.9115532956683945,
     0.06775195023068681,
     0.020694754100918727
    ],
    [
     0.021884558578107047,
     0.011951613125254243,
     0.9661638282966387
    ]
   ],
   [
    [
     0.054361916880250556,
     0.9372227565037802,
     0.008415326615969181
    ],
    [
     0.9298745414873021,
     0.052699393727795994,
     0.01742606478490187
    ],
    [
     0.01576354163244732,
     0.01007784976842374,
     0.9741586085991288
    ]
   ],
   [
    [
     0.027913903690853885,
     0.9679637082556525,
     0.004122388053493593
    ],
    [
     0.9618432558153903,
     0.02908602015867308,
     0.009070724025936639
    ],
    [
     0.010242840493755824,
     0.002950271585674408,
     0.9868068879205697
    ]
   ],
   [
    [
     0.018179078166707465,
     0.9801298969062096,
     0.0016910249270829071
    ],
    [
     0.9764409510407585,
     0.01821807073924697,
     0.005340978219994497
    ],
    [
     0.005379970792534002,
     0.0016520323545434028,
     0.9929679968529226
    ]
   ],
   [
    [
     0.013772644277039224,
     0.9850993519828725,
     0.001128003740088526
    ],
    [
     0.983488942332412,
     0.013149862493296822,
     0.0033611951742912403
    ],
    [
     0.0027384133905488397,
     0.0017507855238309273,
     0.9955108010856202
    ]
   ],
   [
    [
     0.0018269395711606432,
     0.9973586491159926,
     0.0008144113128467668
    ],
    [
     0.9964497166769618,
     0.0019333016306422985,
     0.0016169816923958598
    ],
    [
     0.001723343751877511,
     0.0007080492533651125,
     0.9975686069947576
    ]
   ],
   [
    [
     9.887718007319817e-05,
     0.9998884133967066,
     1.2709423220042157e-05
    ],
    [
     0.9994721789054936,
     0.00010030993250944297,
     0.0004275111619969254
    ],
    [
     0.00042894391443316937,
     1.1276670783797421e-05,
     0.9995597794147831
    ]
   ]
  ],
  "lams": [
   [
    -0.0576147654748893,
    0.5494366270133387,
    0.9062486439187685
   ],
   [
    -0.10343474750287478,
    0.49283439276678453,
    0.9325044148841672
   ],
   [
    -0.13630080132078345,
    0.4630560807504712,
    0.9501024685113382
   ],
   [
    -0.1675159993416957,
    0.45189922966132307,
    0.9601210214202376
   ],
   [
    -0.10972777205850735,
    0.44090092210339155,
    0.9553689408216183
   ],
   [
    -0.10941733155559553,
    0.44311957386050316,
    0.9566519413994261
   ],
   [
    -0.09760995297906148,
    0.43305891124934515,
    0.9597141295782058
   ],
   [
    -0.08784971019716983,
    0.4085985644267807,
    0.9691599881644576
   ],
   [
    -0.08484566816363799,
    0.4091467154365746,
    0.9700190311076643
   ],
   [
    -0.07715412790439931,
    0.3928891711190781,
    0.975825707150048
   ],
   [
    -0.07198511046418392,
    0.38751860255990933,
    0.9771011662741681
   ],
   [
    -0.06663368734463816,
    0.3799039451476614,
    0.9795353225845673
   ],
   [
    -0.05681169779901537,
    0.37168957313396495,
    0.9815909337471332
   ],
   [
    -0.04571350283016391,
    0.35538498820127895,
    0.9860011784211358
   ],
   [
    -0.03783466667191657,
    0.3434002525878012,
    0.9899645397425765
   ],
   [
    -0.025703402350343157,
    0.3364262872904681,
    0.9909058045360006
   ],
   [
    -0.02384759798146376,
    0.33376246969299056,
    0.9918060563811388
   ],
   [
    -0.01662288407270688,
    0.32604938909625125,
    0.9933894783147103
   ],
   [
    -0.010596847158200143,
    0.32153772678074255,
    0.9941999933313159
   ],
   [
    -0.004038864078557821,
    0.3121762111717628,
    0.9963902887742214
   ],
   [
    0.0016034823246647383,
    0.305021098286148,
    0.9978313277744195
   ],
   [
    0.00429294449773072,
    0.301040001101197,
    0.998731258927813
   ],
   [
    0.0005076764359234256,
    0.30481805613964763,
    0.9982925058943798
   ],
   [
    0.0013709059719891304,
    0.3003751200544242,
    0.9996445029202661
   ]
  ]
 },
 "overlap_seed": {
  "r": [
   0.8055840474786496,
   2.416752142435949,
   4.027920237393248,
   5.639088332350548,
   7.250256427307846,
   8.861424522265146,
   10.472592617222446,
   12.083760712179744,
   13.694928807137044,
   15.306096902094342,
   16.917264997051642,
   18.528433092008942,
   20.139601186966242,
   21.75076928192354,
   23.36193737688084,
   24.97310547183814,
   26.58427356679544,
   28.19544166175274,
   29.80660975671004,
   31.417777851667335,
   33.02894594662463,
   34.64011404158194,
   36.25128213653923,
   37.86245023149654
  ],
  "O": [
   [
    [
     9.417134387931305e-31,
     0.9999999999999996,
     7.940911444589213e-32
    ],
    [
     1.0,
     9.98402083170343e-31,
     1.1124171358780674e-30
    ],
    [
     1.3589361687596336e-30,
     7.703719777548943e-32,
     0.9999999999999996
    ]
   ],
   [
    [
     9.796012759182981e-32,
     1.0,
     3.9642200972638544e-32
    ],
    [
     1.0,
     9.379278829165839e-32,
     4.785935911802281e-32
    ],
    [
     3.9963046346035144e-32,
     7.90985446690914e-32,
     1.0
    ]
   ],
   [
    [
     6.498651692360119e-32,
     1.0,
     1.5743543288246197e-32
    ],
    [
     1.0,
     8.801051955164927e-32,
     2.0777648865145086e-32
    ],
    [
     3.7954256624970785e-32,
     2.843496996707162e-32,
     0.9999999999999999
    ]
   ],
   [
    [
     5.317740600094672e-32,
     1.0,
     8.743999310561866e-33
    ],
    [
     1.0,
     5.944281408617288e-32,
     2.5064964578860723e-32
    ],
    [
     3.618467588934913e-32,
     2.079497516268639e-32,
     1.0
    ]
   ],
   [
    [
     3.9840735709751945e-32,
     1.0,
     9.646587599309607e-33
    ],
    [
     1.0,
     3.600935941797128e-32,
     2.2154700880535603e-32
    ],
    [
     2.1755200547476897e-32,
     1.8479955584910106e-32,
     1.0
    ]
   ],
   [
    [
     4.3696228238136997e-32,
     1.0,
     9.788581961337406e-33
    ],
    [
     1.0,
     5.047164725942764e-32,
     2.1395509494432485e-32
    ],
    [
     3.7351003858959955e-32,
     2.0205189520981461e-32,
     1.0
    ]
   ],
   [
    [
     4.424044720096031e-32,
     1.0,
     1.0340231863993787e-32
    ],
    [
     1.0,
     5.132709903080418e-32,
     2.2637849611996682e-32
    ],
    [
     2.573923643019074e-32,
     2.1174058461575708e-32,
     1.0
    ]
   ],
   [
    [
     4.8908081057249315e-32,
     1.0,
     9.239414570692545e-33
    ],
    [
     1.0,
     5.070935024972704e-32,
     2.1326464250847992e-32
    ],
    [
     2.8113569770198235e-32,
     1.8561650129427696e-32,
     1.0
    ]
   ],
   [
    [
     4.48932899061532e-32,
     1.0,
     9.23114027232721e-33
    ],
    [
     1.0,
     4.0323404269349823e-32,
     2.0362549485989214e-32
    ],
    [
     3.049687188719706e-32,
     1.8792703235436105e-32,
     1.0
    ]
   ],
   [
    [
     4.172009479838959e-32,
     1.0,
     7.600880908904919e-33
    ],
    [
     1.0,
     4.5149362571071206e-32,
     1.9160635000000062e-32
    ],
    [
     2.79448488352833e-32,
     2.1108679423257322e-32,
     1.0
    ]
   ],
   [
    [
     4.821906405386136e-32,
     1.0,
     8.558387461180756e-33
    ],
    [
     1.0,
     5.022861440247694e-32,
     2.21765138508713e-32
    ],
    [
     2.9998592389698006e-32,
     2.1464987053718324e-32,
     1.0
    ]
   ],
   [
    [
     4.166836721621647e-32,
     1.0,
     8.696440739019453e-33
    ],
    [
     1.0,
     5.075822564631857e-32,
     2.22942121314499e-32
    ],
    [
     3.023924764819543e-32,
     2.0131438148597618e-32,
     1.0
    ]
   ],
   [
    [
     4.3697795355863556e-32,
     1.0,
     8.632327484775582e-33
    ],
    [
     1.0,
     4.7102825586349983e-32,
     2.037199401673498e-32
    ],
    [
     2.6524149605501346e-32,
     2.107195321882034e-32,
     1.0
    ]
   ],
   [
    [
     4.2762453333005165e-32,
     1.0,
     9.518026474451761e-33
    ],
    [
     1.0,
     4.60575012165801e-32,
     2.0315117499792436e-32
    ],
    [
     2.773079127313833e-32,
     1.9310008680875213e-32,
     1.0
    ]
   ],
   [
    [
     4.561925164573771e-32,
     1.0,
     8.4788393605492e-33
    ],
    [
     1.0,
     5.179711216713473e-32,
     2.2029646221302485e-32
    ],
    [
     3.041528683208039e-32,
     2.0160972030317828e-32,
     1.0
    ]
   ],
   [
    [
     4.730536906004974e-32,
     1.0,
     8.73114623191124e-33
    ],
    [
     1.0,
     5.103992064225943e-32,
     2.1853620459487388e-32
    ],
    [
     2.967888245437205e-32,
     2.0545593942933503e-32,
     1.0
    ]
   ],
   [
    [
     5.398865956513139e-32,
     1.0,
     8.822947124257221e-33
    ],
    [
     1.0,
     5.870461911114181e-32,
     2.4234472793402838e-32
    ],
    [
     3.1381998595694254e-32,
     2.129107680027383e-32,
     1.0
    ]
   ],
   [
    [
     6.059761195526746e-32,
     1.0,
     9.279389492633287e-33
    ],
    [
     1.0,
     6.958375763500498e-32,
     2.3285066634935588e-32
    ],
    [
     2.968192865830999e-32,
     2.3594496808240504e-32,
     1.0
    ]
   ],
   [
    [
     7.010916174485218e-32,
     1.0,
     9.783081313337497e-33
    ],
    [
     1.0,
     7.110311401773054e-32,
     2.1516743357029736e-32
    ],
    [
     2.898418099051702e-32,
     2.2250083519744433e-32,
     1.0
    ]
   ],
   [
    [
     6.525910489511993e-32,
     1.0,
     8.947517038258828e-33
    ],
    [
     1.0,
     6.522875455564967e-32,
     2.3001649346520774e-32
    ],
    [
     2.90120306837665e-32,
     2.4642121043949888e-32,
     1.0
    ]
   ],
   [
    [
     7.541716344944248e-32,
     1.0,
     1.1091934242171053e-32
    ],
    [
     1.0,
     7.179846323279656e-32,
     2.2114463728884108e-32
    ],
    [
     2.9845828463070127e-32,
     2.823855562841999e-32,
     1.0
    ]
   ],
   [
    [
     7.565389427463867e-32,
     1.0,
     1.3457268632592963e-32
    ],
    [
     1.0,
     7.657664931052727e-32,
     1.9421189207313603e-32
    ],
    [
     2.601959266895335e-32,
     3.3641669764077185e-32,
     1.0
    ]
   ],
   [
    [
     8.51499368192601e-32,
     1.0,
     1.2828844167974847e-32
    ],
    [
     1.0,
     6.49875174613646e-32,
     1.6491273234146152e-32
    ],
    [
     2.146415717330878e-32,
     2.8084043271809456e-32,
     1.0
    ]
   ],
   [
    [
     8.341726565142399e-32,
     1.0,
     1.8880670659738023e-32
    ],
    [
     1.0,
     8.499387551588327e-32,
     2.042060645511481e-32
    ],
    [
     2.396201793494328e-32,
     3.5471605244385804e-32,
     1.0
    ]
   ]
  ],
  "lams": [
   [
    0.41348955525331504,
    0.4272275554625585,
    0.45928288928412664
   ],
   [
    0.29389375205117807,
    0.39042884678497697,
    0.6156774011638444
   ],
   [
    0.15062105293783942,
    0.34634493936549055,
    0.8030340076966717
   ],
   [
    0.05956588739373938,
    0.31832796535191915,
    0.92210614725434
   ],
   [
    0.01632305677920651,
    0.30502247900898655,
    0.9786544642118064
   ],
   [
    0.003119597556349377,
    0.300959876171183,
    0.9959205262724642
   ],
   [
    0.0004943376464793138,
    0.3001521038912259,
    0.9993535584622909
   ],
   [
    5.492342603043585e-05,
    0.30001689951569765,
    0.9999281770582639
   ],
   [
    4.434297785499825e-06,
    0.300001364399318,
    0.9999942013029012
   ],
   [
    2.600421481499464e-07,
    0.3000000800129667,
    0.999999659944889
   ],
   [
    1.0511767398063256e-08,
    0.3000000032343947,
    0.9999999862538407
   ],
   [
    3.4490295125758577e-10,
    0.3000000001061346,
    0.9999999995489677
   ],
   [
    7.407334017125373e-12,
    0.30000000000227633,
    0.9999999999903446
   ],
   [
    1.2533585133272143e-13,
    0.300000000000069,
    0.9999999999998951
   ],
   [
    1.3784995216627497e-15,
    0.3000000000000503,
    1.0
   ],
   [
    8.496679334640933e-18,
    0.3000000000000503,
    1.0
   ],
   [
    3.123722782901538e-18,
    0.3000000000000378,
    1.0
   ],
   [
    1.1554256760308265e-18,
    0.30000000000001714,
    1.0
   ],
   [
    1.5522417169903939e-18,
    0.2999999999999919,
    1.0
   ],
   [
    4.5536693614768495e-19,
    0.29999999999997073,
    1.0
   ],
   [
    2.7905353002145484e-18,
    0.2999999999999777,
    1.0
   ],
   [
    1.0889504053490817e-17,
    0.2999999999999959,
    1.0
   ],
   [
    -1.2629518509051806e-17,
    0.30000000000000643,
    1.0
   ],
   [
    -1.465257994226632e-17,
    0.3000000000000007,
    1.0
   ]
  ]
 },
 "stop": "max_iter",
 "trace": [
  {
   "it": 20500,
   "E": 17.384379937429774,
   "E_u": 16.84587343423582,
   "E_v": 0.5385065031939542,
   "fmax": 9.339607278890144e-05,
   "dt": 0.2
  },
  {
   "it": 21000,
   "E": 17.38031900788732,
   "E_u": 16.844202444780862,
   "E_v": 0.5361165631064563,
   "fmax": 0.00017065978549967651,
   "dt": 0.2
  },
  {
   "it": 21500,
   "E": 17.378148632368198,
   "E_u": 16.84126083038012,
   "E_v": 0.5368878019880785,
   "fmax": 6.43825324322684e-05,
   "dt": 0.2
  },
  {
   "it": 22000,
   "E": 17.37723850848664,
   "E_u": 16.840000356545247,
   "E_v": 0.5372381519413961,
   "fmax": 4.786608777543013e-05,
   "dt": 0.2
  },
  {
   "it": 22500,
   "E": 17.375617834815408,
   "E_u": 16.837023071652915,
   "E_v": 0.5385947631624921,
   "fmax": 4.379412592802733e-05,
   "dt": 0.2
  },
  {
   "it": 23000,
   "E": 17.37342952681662,
   "E_u": 16.836150915599145,
   "E_v": 0.5372786112174738,
   "fmax": 0.00032210287740552985,
   "dt": 0.2
  },
  {
   "it": 23500,
   "E": 17.370284880506826,
   "E_u": 16.833729249270792,
   "E_v": 0.5365556312360337,
   "fmax": 2.9793123670072857e-05,
   "dt": 0.2
  },
  {
   "it": 24000,
   "E": 17.369839657134985,
   "E_u": 16.83282078512419,
   "E_v": 0.5370188720107949,
   "fmax": 6.140946238629177e-05,
   "dt": 0.2
  }
 ],
 "wall_s": 3409.128588914871,
 "core_locus": {
  "vmax_rho": 2.5495097567963922,
  "vmax_z": -22.5,
  "vmax_r": 22.643983748448505,
  "shell_peak_r": 2.892069045795928
 }
}