{
 "seed": "C",
 "n": 48,
 "delta": 0.3,
 "bc": "pinned",
 "E_end": 5.600229032055729,
 "E_u": 5.499958143128507,
 "E_v": 0.10027088892722216,
 "u_over_3v": 18.28366538540893,
 "r_half": 20.850659461993043,
 "retention": {
  "per_eig": [
   0.3960460299015158,
   0.37152072281104925,
   0.8859643600384831
  ],
  "mean": 0.5511770375836827
 },
 "core": {
  "core_lams": [
   -0.008010204062402843,
   0.3313581071581911,
   0.9736004732169784
  ],
  "core_spread": 0.9816106772793812,
  "axis_lams": [
   -0.17453303903130776,
   0.7077156572971025,
   0.8175212231148568
  ]
 },
 "overlap_end": {
  "r": [
   0.8055840474786496,
   2.416752142435949,
   4.027920237393248,
   5.639088332350548,
   7.250256427307846,
   8.861424522265146,
   10.472592617222446,
   12.083760712179744,
   13.694928807137044,
   15.306096902094342,
   16.917264997051642,
   18.528433092008942,
   20.139601186966242,
   21.75076928192354,
   23.36193737688084,
   24.97310547183814,
   26.58427356679544,
   28.19544166175274,
   29.80660975671004,
   31.417777851667335,
   33.02894594662463,
   34.64011404158194,
   36.25128213653923,
   37.86245023149654
  ],
  "O": [
   [
    [
     0.33382596314495055,
     3.322466596396747e-08,
     0.6661740036303834
    ],
    [
     0.34312564156732944,
     0.484801941358893,
     0.17207241707377757
    ],
    [
     0.32304839528772034,
     0.5151980254164409,
     0.161753579295839
    ]
   ],
   [
    [
     0.3428825166122292,
     0.04737096128715859,
     0.609746522100612
    ],
    [
     0.5146893970280032,
     0.16703815825714763,
     0.31827244471484895
    ],
    [
     0.14242808635976745,
     0.7855908804556937,
     0.07198103318453883
    ]
   ],
   [
    [
     0.36532561018201953,
     0.02715395926687225,
     0.607520430551108
    ],
    [
     0.5148533868856057,
     0.16518605879532763,
     0.3199605543190666
    ],
    [
     0.11982100293237469,
     0.8076599819377999,
     0.07251901512982517
    ]
   ],
   [
    [
     0.3781049383549622,
     0.010834475223053818,
     0.611060586421984
    ],
    [
     0.48256532415515174,
     0.1923333384313147,
     0.32510133741353353
    ],
    [
     0.13932973748988609,
     0.7968321863456316,
     0.06383807616448245
    ]
   ],
   [
    [
     0.4089868693453195,
     0.060749372901087485,
     0.5302637577535929
    ],
    [
     0.44063485681963865,
     0.15728672734332724,
     0.4020784158370341
    ],
    [
     0.15037827383504185,
     0.7819638997555852,
     0.06765782640937287
    ]
   ],
   [
    [
     0.38415761128812415,
     0.02926804043038273,
     0.5865743482814931
    ],
    [
     0.5112142515766539,
     0.13602686172674688,
     0.3527588866965992
    ],
    [
     0.10462813713522201,
     0.8347050978428703,
     0.06066676502190758
    ]
   ],
   [
    [
     0.39143080916171213,
     0.031367835126325995,
     0.5772013557119618
    ],
    [
     0.5167718020880676,
     0.12026498819774209,
     0.3629632097141903
    ],
    [
     0.09179738875022021,
     0.8483671766759319,
     0.05983543457384789
    ]
   ],
   [
    [
     0.3723514862728699,
     0.02391412270220988,
     0.6037343910249202
    ],
    [
     0.5538957189906599,
     0.1033149223218446,
     0.34278935868749555
    ],
    [
     0.0737527947364702,
     0.8727709549759456,
     0.053476250287584244
    ]
   ],
   [
    [
     0.3825225527320771,
     0.02740728956983749,
     0.5900701576980855
    ],
    [
     0.563917858393237,
     0.07044819665960488,
     0.365633944947158
    ],
    [
     0.0535595888746858,
     0.9021445137705576,
     0.04429589735475655
    ]
   ],
   [
    [
     0.42610123284685963,
     0.020131719254146828,
     0.5537670478989933
    ],
    [
     0.5357287478255962,
     0.06084155981663918,
     0.4034296923577647
    ],
    [
     0.03817001932754418,
     0.9190267209292139,
     0.04280325974324183
    ]
   ],
   [
    [
     0.4082869045972478,
     0.019969538497782043,
     0.57174355690497
    ],
    [
     0.5641341895233389,
     0.046582339723182126,
     0.3892834707534789
    ],
    [
     0.027578905879413203,
     0.9334481217790357,
     0.03897297234155098
    ]
   ],
   [
    [
     0.42639736295291314,
     0.019308235383150053,
     0.5542944016639368
    ],
    [
     0.5498679787957084,
     0.037175371380891095,
     0.4129566498234005
    ],
    [
     0.023734658251378445,
     0.9435163932359589,
     0.032748948512662704
    ]
   ],
   [
    [
     0.48902889547392786,
     0.01752634761762443,
     0.4934447569084477
    ],
    [
     0.49321801153584355,
     0.031175723083130373,
     0.47560626538102596
    ],
    [
     0.0177530929902285,
     0.9512979292992452,
     0.030948977710526297
    ]
   ],
   [
    [
     0.6294210263972462,
     0.0166407688559994,
     0.35393820474675447
    ],
    [
     0.35674972314427866,
     0.02275427594783615,
     0.6204960009078851
    ],
    [
     0.013829250458475236,
     0.9606049551961644,
     0.025565794345360313
    ]
   ],
   [
    [
     0.7465952603439365,
     0.011676370467836572,
     0.24172836918822682
    ],
    [
     0.24234471497218502,
     0.01832895962480896,
     0.7393263254030061
    ],
    [
     0.011060024683878344,
     0.9699946699073544,
     0.01894530540876719
    ]
   ],
   [
    [
     0.8114312059591856,
     0.006543813764383985,
     0.18202498027643044
    ],
    [
     0.17896570106423762,
     0.01391191397476272,
     0.8071223849609996
    ],
    [
     0.009603092976576811,
     0.9795442722608534,
     0.01085263476256989
    ]
   ],
   [
    [
     0.8772366798250177,
     0.0033943538401323657,
     0.1193689663348499
    ],
    [
     0.11595387446647844,
     0.009074964682317856,
     0.8749711608512037
    ],
    [
     0.0068094457085038414,
     0.98753068147755,
     0.0056598728139463815
    ]
   ],
   [
    [
     0.919746572022684,
     0.0040130079832973575,
     0.07624041999401862
    ],
    [
     0.07390130817587989,
     0.007523589816354784,
     0.9185751020077653
    ],
    [
     0.006352119801436095,
     0.9884634022003477,
     0.005184477998216047
    ]
   ],
   [
    [
     0.9410261308263927,
     0.005426095463840906,
     0.05354777370976641
    ],
    [
     0.05274265146408835,
     0.005856391262497731,
     0.9414009572734139
    ],
    [
     0.00623121770951897,
     0.9887175132736614,
     0.005051269016819669
    ]
   ],
   [
    [
     0.959571374181186,
     0.0032486690109300815,
     0.037179956807884045
    ],
    [
     0.034871423226107146,
     0.006289432614817134,
     0.9588391441590756
    ],
    [
     0.0055572025927069875,
     0.9904618983742528,
     0.003980899033040232
    ]
   ],
   [
    [
     0.9742310010811426,
     0.0011981442840167341,
     0.024570854634840676
    ],
    [
     0.023605599400325264,
     0.0023635348618564027,
     0.9740308657378183
    ],
    [
     0.00216339951853215,
     0.9964383208541268,
     0.0013982796273409866
    ]
   ],
   [
    [
     0.9857365864885144,
     0.0006476764300637301,
     0.01361573708142184
    ],
    [
     0.013223114974292242,
     0.0010138503951917348,
     0.9857630346305161
    ],
    [
     0.001040298537193332,
     0.9983384731747446,
     0.0006212282880621309
    ]
   ],
   [
    [
     0.9954275996736697,
     0.0002755704384705533,
     0.0042968298878599135
    ],
    [
     0.004195062105790021,
     0.00035892973092125014,
     0.9954460081632888
    ],
    [
     0.00037733822054044594,
     0.9993654998306082,
     0.000257161948851357
    ]
   ],
   [
    [
     0.9996369502766022,
     3.2871276196467455e-05,
     0.0003301784472013918
    ],
    [
     0.000328686602649496,
     2.5738076867788976e-05,
     0.9996455753204828
    ],
    [
     3.436312074836366e-05,
     0.9999413906469358,
     2.4246232315893087e-05
    ]
   ]
  ],
  "lams": [
   [
    -0.1763359423165965,
    0.695801141954015,
    0.829373578120965
   ],
   [
    -0.018333619631141624,
    0.3394272002459891,
    0.9762235695962542
   ],
   [
    -0.030238681401144375,
    0.34873118945002524,
    0.9778516903273864
   ],
   [
    -0.02228719851232536,
    0.33847641729168104,
    0.9819984895248728
   ],
   [
    -0.02862627858692495,
    0.3398719088754233,
    0.9859413419817861
   ],
   [
    -0.0270654930995111,
    0.3344175725398772,
    0.9887992103289623
   ],
   [
    -0.01928610156083327,
    0.32752215318106215,
    0.9905702018987516
   ],
   [
    -0.02189592795557951,
    0.33313204754986486,
    0.9895590769354197
   ],
   [
    -0.01954146379059669,
    0.3235739726943421,
    0.992850764103016
   ],
   [
    -0.014542293910506638,
    0.3187978835769534,
    0.9936889462970304
   ],
   [
    -0.011329785011294875,
    0.3171997012521168,
    0.994325228719123
   ],
   [
    0.0027177135315731567,
    0.3015810510670154,
    0.9970259699541275
   ],
   [
    0.016801912402342915,
    0.286860672035983,
    0.9985739762594802
   ],
   [
    0.02594169219197433,
    0.27688465347847857,
    1.0005473578309652
   ],
   [
    0.023900275177939637,
    0.2744151937795096,
    1.0019210490914072
   ],
   [
    0.02601527993742152,
    0.27693321654440445,
    1.0012614984386734
   ],
   [
    0.025740678389362684,
    0.2774765018724213,
    1.0013856421062661
   ],
   [
    0.021725304806321802,
    0.28143378152709647,
    1.0011954033102581
   ],
   [
    0.01620443019242045,
    0.2871171381749697,
    1.0006553139054983
   ],
   [
    0.012672732478396554,
    0.29026013754219665,
    1.0005943898137413
   ],
   [
    0.010647731626695021,
    0.2914038183738896,
    1.0006873624530832
   ],
   [
    0.009490785093494929,
    0.2919419269661183,
    1.0007498511207522
   ],
   [
    0.00704665244892202,
    0.2941701300684591,
    1.0005295091557056
   ],
   [
    0.0026766303533757225,
    0.298333664305395,
    1.0000470990675927
   ]
  ]
 },
 "overlap_seed": {
  "r": [
   0.8055840474786496,
   2.416752142435949,
   4.027920237393248,
   5.639088332350548,
   7.250256427307846,
   8.861424522265146,
   10.472592617222446,
   12.083760712179744,
   13.694928807137044,
   15.306096902094342,
   16.917264997051642,
   18.528433092008942,
   20.139601186966242,
   21.75076928192354,
   23.36193737688084,
   24.97310547183814,
   26.58427356679544,
   28.19544166175274,
   29.80660975671004,
   31.417777851667335,
   33.02894594662463,
   34.64011404158194,
   36.25128213653923,
   37.86245023149654
  ],
  "O": [
   [
    [
     0.9999999999999998,
     4.437342591868191e-31,
     7.398652474358005e-30
    ],
    [
     6.807006795442246e-30,
     0.0,
     1.0
    ],
    [
     4.7533919723044635e-31,
     0.9999999999999987,
     1.9386358851887744e-34
    ]
   ],
   [
    [
     1.0,
     9.55261252416069e-32,
     1.935559594109172e-31
    ],
    [
     2.068930242757988e-31,
     5.16028854474255e-32,
     1.0
    ],
    [
     1.8641398458084896e-31,
     1.0,
     6.539848910846718e-32
    ]
   ],
   [
    [
     1.0,
     1.4784871503307594e-32,
     5.042801219501369e-32
    ],
    [
     7.503064750784878e-32,
     1.64961638336165e-32,
     1.0
    ],
    [
     3.2405565424169996e-32,
     1.0,
     2.96328088400688e-32
    ]
   ],
   [
    [
     1.0,
     1.4644669932386625e-32,
     2.548562822460846e-32
    ],
    [
     3.0472773133232254e-32,
     8.643085772627948e-33,
     1.0
    ],
    [
     2.1272482725107317e-32,
     1.0,
     1.404439963559413e-32
    ]
   ],
   [
    [
     1.0,
     1.3382935831462453e-32,
     3.0669133060350256e-32
    ],
    [
     3.740077873759023e-32,
     1.4985298565439995e-32,
     1.0
    ],
    [
     2.15398797519288e-32,
     1.0,
     1.5840028427671376e-32
    ]
   ],
   [
    [
     1.0,
     1.1886476048350151e-32,
     2.5909899110249354e-32
    ],
    [
     3.3227695935931924e-32,
     9.776231468515656e-33,
     1.0
    ],
    [
     1.911541924129957e-32,
     1.0,
     1.6802114178998903e-32
    ]
   ],
   [
    [
     1.0,
     1.0633656190177164e-32,
     3.1610480059546886e-32
    ],
    [
     3.7469819878361154e-32,
     8.919182671346201e-33,
     1.0
    ],
    [
     2.0873836491270472e-32,
     1.0,
     1.59444970994654e-32
    ]
   ],
   [
    [
     1.0,
     1.1974950911713736e-32,
     3.0605594722905693e-32
    ],
    [
     3.686563741414197e-32,
     1.1575117322829562e-32,
     1.0
    ],
    [
     1.990643596442306e-32,
     1.0,
     1.5914429873421628e-32
    ]
   ],
   [
    [
     1.0,
     1.3231435094848598e-32,
     3.557438028161667e-32
    ],
    [
     4.085748065768064e-32,
     1.0904376919322077e-32,
     1.0
    ],
    [
     2.4097339039719683e-32,
     1.0,
     1.6240061217026633e-32
    ]
   ],
   [
    [
     1.0,
     1.2104805159582942e-32,
     3.335339685369733e-32
    ],
    [
     4.076546453515976e-32,
     1.1853656898909124e-32,
     1.0
    ],
    [
     2.340864388529081e-32,
     1.0,
     1.837655263368361e-32
    ]
   ],
   [
    [
     1.0,
     1.2517095417153072e-32,
     2.8784076688047156e-32
    ],
    [
     3.6451906924759205e-32,
     1.0915178169524397e-32,
     1.0
    ],
    [
     2.3801604725247907e-32,
     1.0,
     1.8104454148366682e-32
    ]
   ],
   [
    [
     1.0,
     1.0865883361949174e-32,
     3.0273416490532644e-32
    ],
    [
     3.518802586104835e-32,
     1.0688995212479462e-32,
     1.0
    ],
    [
     2.090184106340157e-32,
     1.0,
     1.5295065039991505e-32
    ]
   ],
   [
    [
     1.0,
     1.0708368523728344e-32,
     2.9878565076405037e-32
    ],
    [
     3.505400075476e-32,
     1.113829196358326e-32,
     1.0
    ],
    [
     1.892348209286598e-32,
     1.0,
     1.595760540861581e-32
    ]
   ],
   [
    [
     1.0,
     1.283186549622562e-32,
     2.84284844024148e-32
    ],
    [
     3.694278570086918e-32,
     1.1103900691131601e-32,
     1.0
    ],
    [
     2.1520579364582176e-32,
     1.0,
     1.615726166510164e-32
    ]
   ],
   [
    [
     1.0,
     1.1122913672373227e-32,
     2.8230729281922227e-32
    ],
    [
     3.311640531478099e-32,
     1.1098085214613525e-32,
     1.0
    ],
    [
     2.1099064951333616e-32,
     1.0,
     1.6317165161358953e-32
    ]
   ],
   [
    [
     1.0,
     1.2236858291477916e-32,
     3.056661361849117e-32
    ],
    [
     3.984131320197458e-32,
     9.942818909571589e-33,
     1.0
    ],
    [
     2.2625909966730855e-32,
     1.0,
     1.4422385859523617e-32
    ]
   ],
   [
    [
     1.0,
     1.3056944282747347e-32,
     3.450689403392331e-32
    ],
    [
     3.994235437968315e-32,
     9.1262544624735e-33,
     1.0
    ],
    [
     2.3585468942497175e-32,
     1.0,
     1.2878598367442523e-32
    ]
   ],
   [
    [
     1.0,
     1.5409503672253988e-32,
     3.2783514552165286e-32
    ],
    [
     4.077060502392337e-32,
     8.007234625635454e-33,
     1.0
    ],
    [
     2.4204990812815202e-32,
     1.0,
     1.1123719527273183e-32
    ]
   ],
   [
    [
     1.0,
     1.5925358892184696e-32,
     3.636896246048316e-32
    ],
    [
     4.400846369728761e-32,
     9.020397140364551e-33,
     1.0
    ],
    [
     2.5546028756321055e-32,
     1.0,
     1.1846702039509602e-32
    ]
   ],
   [
    [
     1.0,
     1.7331783880816318e-32,
     3.9029594340676993e-32
    ],
    [
     4.3571334747685715e-32,
     9.883438219676e-33,
     1.0
    ],
    [
     2.80915317209054e-32,
     1.0,
     1.273287934166124e-32
    ]
   ],
   [
    [
     1.0,
     1.8111261589091833e-32,
     4.198791581396628e-32
    ],
    [
     4.419461084345741e-32,
     7.624314538058429e-33,
     1.0
    ],
    [
     2.9428361373073454e-32,
     1.0,
     1.4591939894753826e-32
    ]
   ],
   [
    [
     1.0,
     1.9365365150954554e-32,
     4.992066239908074e-32
    ],
    [
     5.321428172426471e-32,
     9.537540028943746e-33,
     1.0
    ],
    [
     3.2622901577122015e-32,
     1.0,
     1.7013045635639904e-32
    ]
   ],
   [
    [
     1.0,
     1.8382669262289203e-32,
     4.4755955452463655e-32
    ],
    [
     5.852701866860631e-32,
     8.936314941956774e-33,
     1.0
    ],
    [
     3.774421916946206e-32,
     1.0,
     1.8338638653451905e-32
    ]
   ],
   [
    [
     1.0,
     2.4559918574394842e-32,
     4.493453267262876e-32
    ],
    [
     4.212899890289452e-32,
     1.172805100462675e-32,
     1.0
    ],
    [
     3.3576683342312875e-32,
     1.0,
     1.464734532254491e-32
    ]
   ]
  ],
  "lams": [
   [
    0.41348955525331504,
    0.4272275554625585,
    0.45928288928412664
   ],
   [
    0.29389375205117807,
    0.39042884678497713,
    0.6156774011638444
   ],
   [
    0.15062105293783942,
    0.34634493936549027,
    0.8030340076966711
   ],
   [
    0.059565887393739386,
    0.31832796535191915,
    0.92210614725434
   ],
   [
    0.016323056779206507,
    0.30502247900898655,
    0.9786544642118064
   ],
   [
    0.0031195975563493815,
    0.300959876171183,
    0.9959205262724642
   ],
   [
    0.0004943376464793157,
    0.3001521038912259,
    0.9993535584622909
   ],
   [
    5.49234260304261e-05,
    0.3000168995156982,
    0.9999281770582636
   ],
   [
    4.434297785498944e-06,
    0.300001364399318,
    0.9999942013029013
   ],
   [
    2.600421481482763e-07,
    0.30000008001296674,
    0.999999659944889
   ],
   [
    1.0511767398032565e-08,
    0.3000000032343947,
    0.9999999862538416
   ],
   [
    3.449029471596277e-10,
    0.3000000001061346,
    0.9999999995489677
   ],
   [
    7.407335113374294e-12,
    0.30000000000227633,
    0.9999999999903446
   ],
   [
    1.253277785164273e-13,
    0.3000000000000691,
    0.9999999999998951
   ],
   [
    1.3786923591413928e-15,
    0.3000000000000503,
    1.0
   ],
   [
    1.139259223348125e-17,
    0.3000000000000503,
    1.0
   ],
   [
    9.155361931242672e-19,
    0.3000000000000378,
    1.0
   ],
   [
    -8.608262582567678e-19,
    0.30000000000001714,
    1.0
   ],
   [
    -9.212676107413872e-19,
    0.2999999999999919,
    1.0
   ],
   [
    -6.615166353707637e-18,
    0.29999999999997073,
    1.0
   ],
   [
    5.439529231788625e-18,
    0.2999999999999777,
    1.0
   ],
   [
    -8.346685409111716e-18,
    0.2999999999999959,
    1.0
   ],
   [
    -1.065442428989487e-17,
    0.30000000000000643,
    1.0
   ],
   [
    3.441418818611946e-18,
    0.3000000000000007,
    1.0
   ]
  ]
 },
 "stop": "max_iter",
 "trace": [
  {
   "it": 20500,
   "E": 5.600893499857328,
   "E_u": 5.500845560646149,
   "E_v": 0.10004793921117902,
   "fmax": 8.102183657485597e-06,
   "dt": 0.2
  },
  {
   "it": 21000,
   "E": 5.600838057553068,
   "E_u": 5.500667147507993,
   "E_v": 0.10017091004507399,
   "fmax": 1.757908307980399e-05,
   "dt": 0.2
  },
  {
   "it": 21500,
   "E": 5.600807515068756,
   "E_u": 5.5005058097805515,
   "E_v": 0.1003017052882047,
   "fmax": 1.9177208676723202e-05,
   "dt": 0.2
  },
  {
   "it": 22000,
   "E": 5.600722792875425,
   "E_u": 5.500393362486323,
   "E_v": 0.1003294303891021,
   "fmax": 2.067367938816872e-05,
   "dt": 0.2
  },
  {
   "it": 22500,
   "E": 5.600650346882426,
   "E_u": 5.500292374327469,
   "E_v": 0.10035797255495614,
   "fmax": 3.6153496034687816e-05,
   "dt": 0.2
  },
  {
   "it": 23000,
   "E": 5.6005390009567355,
   "E_u": 5.500162022542624,
   "E_v": 0.10037697841411156,
   "fmax": 2.577610873456693e-05,
   "dt": 0.2
  },
  {
   "it": 23500,
   "E": 5.600282153525966,
   "E_u": 5.50000940151316,
   "E_v": 0.10027275201280604,
   "fmax": 8.882731817608939e-06,
   "dt": 0.2
  },
  {
   "it": 24000,
   "E": 5.600229032055729,
   "E_u": 5.499958143128507,
   "E_v": 0.10027088892722216,
   "fmax": 2.7398197989428625e-06,
   "dt": 0.2
  }
 ],
 "wall_s": 3439.4805591106415,
 "core_locus": {
  "vmax_rho": 2.5495097567963922,
  "vmax_z": -22.5,
  "vmax_r": 22.643983748448505,
  "shell_peak_r": 0.9640230152653093
 }
}