{
 "seed": "A",
 "n": 48,
 "delta": 0.3,
 "bc": "pinned",
 "E_end": 1.2234984912877402,
 "E_u": 0.7875581512884543,
 "E_v": 0.43594033999928594,
 "u_over_3v": 0.6021910790895105,
 "r_half": 6.837397165588672,
 "retention": {
  "per_eig": [
   0.9733781910340867,
   0.973230178440548,
   0.9954444769238708
  ],
  "mean": 0.9806842821328351
 },
 "core": {
  "core_lams": [
   -0.02297385467352825,
   0.41418573623359356,
   0.9486746015039343
  ],
  "core_spread": 0.9716484561774625,
  "axis_lams": [
   0.02916900083545101,
   0.27331614327477555,
   1.0015500000198558
  ]
 },
 "core_locus": {
  "vmax_rho": 0.7071067811865476,
  "vmax_z": -0.5,
  "vmax_r": 0.8660254037844386,
  "shell_peak_r": 0.9640230152653093
 },
 "core_locus_seed": {
  "vmax_rho": 0.7071067811865476,
  "vmax_z": -0.5,
  "vmax_r": 0.8660254037844386,
  "shell_peak_r": 0.9640230152653093
 },
 "overlap_end": {
  "r": [
   0.8055840474786496,
   2.416752142435949,
   4.027920237393248,
   5.639088332350548,
   7.250256427307846,
   8.861424522265146,
   10.472592617222446,
   12.083760712179744,
   13.694928807137044,
   15.306096902094342,
   16.917264997051642,
   18.528433092008942,
   20.139601186966242,
   21.75076928192354,
   23.36193737688084,
   24.97310547183814,
   26.58427356679544,
   28.19544166175274,
   29.80660975671004,
   31.417777851667335,
   33.02894594662463,
   34.64011404158194,
   36.25128213653923,
   37.86245023149654
  ],
  "O": [
   [
    [
     0.16228211131626508,
     0.413438248385117,
     0.42427964029861825
    ],
    [
     0.2162032482598754,
     0.36452050922178036,
     0.4192762425183443
    ],
    [
     0.6215146404238598,
     0.22204124239310263,
     0.15644411718303772
    ]
   ],
   [
    [
     0.08751688437266164,
     0.3001588808865068,
     0.6123242347408314
    ],
    [
     0.10507342397821792,
     0.5768400227806938,
     0.31808655324108825
    ],
    [
     0.8074096916491204,
     0.12300109633279938,
     0.06958921201808022
    ]
   ],
   [
    [
     0.037491368113670376,
     0.26632003143764615,
     0.6961886004486834
    ],
    [
     0.04309030800640472,
     0.6904550108352879,
     0.2664546811583073
    ],
    [
     0.9194183238799248,
     0.0432249577270658,
     0.0373567183930093
    ]
   ],
   [
    [
     0.019439728010496718,
     0.18802927039424508,
     0.7925310015952581
    ],
    [
     0.02167292127933259,
     0.7899666513647494,
     0.1883604273559181
    ],
    [
     0.9588873507101707,
     0.02200407824100557,
     0.019108571048823728
    ]
   ],
   [
    [
     0.009766018602915856,
     0.12895402077998466,
     0.8612799606170993
    ],
    [
     0.010276354306092651,
     0.8599245279572789,
     0.12979911773662836
    ],
    [
     0.9799576270909917,
     0.011121451262736332,
     0.008920921646272176
    ]
   ],
   [
    [
     0.005439261344895109,
     0.06363179644406985,
     0.930928942211035
    ],
    [
     0.005677939531638166,
     0.9305593004697765,
     0.06376275999858522
    ],
    [
     0.9888827991234668,
     0.0058089030861535225,
     0.005308297790379754
    ]
   ],
   [
    [
     0.0032757287378880505,
     0.03569117968628739,
     0.9610330915758245
    ],
    [
     0.003113632922820523,
     0.9610906533256506,
     0.03579571375152885
    ],
    [
     0.9936106383392914,
     0.0032181669880619835,
     0.0031711946726465895
    ]
   ],
   [
    [
     0.0022729108270103274,
     0.023852965521409062,
     0.9738741236515805
    ],
    [
     0.002267178909899573,
     0.9737249608604303,
     0.024007860229670268
    ],
    [
     0.99545991026309,
     0.0024220736181607807,
     0.00211801611874912
    ]
   ],
   [
    [
     0.001431097048794441,
     0.014823218624055104,
     0.9837456843271505
    ],
    [
     0.0015494643056898308,
     0.9835367944792929,
     0.01491374121501724
    ],
    [
     0.9970194386455157,
     0.0016399868966519668,
     0.001340574457832305
    ]
   ],
   [
    [
     0.0012059533046436064,
     0.011302863242972042,
     0.9874911834523845
    ],
    [
     0.0012422882105021362,
     0.9873886687962332,
     0.011369042993264512
    ],
    [
     0.9975517584848543,
     0.0013084679607946043,
     0.0011397735543511377
    ]
   ],
   [
    [
     0.0009011800676662296,
     0.008213296155684339,
     0.9908855237766494
    ],
    [
     0.0009141196754154169,
     0.9908331514814643,
     0.00825272884312033
    ],
    [
     0.9981847002569183,
     0.0009535523628514091,
     0.000861747380230237
    ]
   ],
   [
    [
     0.0006720454128735402,
     0.005735520289874298,
     0.9935924342972522
    ],
    [
     0.0006901382841710463,
     0.9935520516186193,
     0.00575781009720975
    ],
    [
     0.9986378163029554,
     0.0007124280915064973,
     0.000649755605538089
    ]
   ],
   [
    [
     0.0006141896824532335,
     0.005009549124031575,
     0.9943762611935151
    ],
    [
     0.00057405363083926,
     0.9943701595917449,
     0.005055786777415809
    ],
    [
     0.9988117566867075,
     0.0006202912842234936,
     0.0005679520290689997
    ]
   ],
   [
    [
     0.00041415536989172254,
     0.0039661115636222075,
     0.9956197330664862
    ],
    [
     0.0004414317181557545,
     0.9955814115336743,
     0.003977156748169795
    ],
    [
     0.9991444129119526,
     0.00045247690270334127,
     0.00040311018534413574
    ]
   ],
   [
    [
     0.0002525190004881052,
     0.002289473303622331,
     0.9974580076958895
    ],
    [
     0.0003277877262092762,
     0.9973795041199356,
     0.002292708153855253
    ],
    [
     0.9994196932733027,
     0.000331022576442198,
     0.0002492841502551833
    ]
   ],
   [
    [
     0.0001599442896651264,
     0.0012067016131568028,
     0.9986333540971779
    ],
    [
     0.00021380031699316814,
     0.9985799259117291,
     0.0012062737712777872
    ],
    [
     0.9996262553933418,
     0.0002133724751141522,
     0.00016037213154414243
    ]
   ],
   [
    [
     0.00012103916925890617,
     0.0008135739783880634,
     0.999065386852353
    ],
    [
     0.00016384784522518027,
     0.9990229383520032,
     0.0008132138027716206
    ],
    [
     0.999715112985516,
     0.00016348766960873757,
     0.00012139934487534884
    ]
   ],
   [
    [
     9.107921056693947e-05,
     0.0005508175567061702,
     0.9993581032327269
    ],
    [
     0.00011860057537629894,
     0.9993308319004326,
     0.0005505675241910165
    ],
    [
     0.9997903202140567,
     0.00011835054286114515,
     9.132924308209317e-05
    ]
   ],
   [
    [
     7.509089221149364e-05,
     0.0004184557477938568,
     0.9995064533599947
    ],
    [
     9.937653715931837e-05,
     0.9994823923762666,
     0.0004182310865740624
    ],
    [
     0.9998255325706291,
     9.915187593952375e-05,
     7.531555343128805e-05
    ]
   ],
   [
    [
     4.80653797709119e-05,
     0.00027687848885205133,
     0.9996750561313771
    ],
    [
     6.61830014315176e-05,
     0.9996570230209814,
     0.00027679397758704506
    ],
    [
     0.9998857516187977,
     6.609849016651129e-05,
     4.814989103591811e-05
    ]
   ],
   [
    [
     2.6726106455410288e-05,
     0.00019281835326444234,
     0.99978045554028
    ],
    [
     3.994259383214396e-05,
     0.9997672348280109,
     0.0001928225781569922
    ],
    [
     0.9999333312997124,
     3.994681872469385e-05,
     2.6721881562860353e-05
    ]
   ],
   [
    [
     1.822070295895678e-05,
     0.00016754424031792826,
     0.999814235056723
    ],
    [
     3.239693057400909e-05,
     0.9998000094094369,
     0.00016759365998930212
    ],
    [
     0.9999493823664671,
     3.244635024538306e-05,
     1.817128328758277e-05
    ]
   ],
   [
    [
     1.3059663756518617e-05,
     0.00014052206021825323,
     0.9998464182760253
    ],
    [
     2.5540261079960903e-05,
     0.9998338073204085,
     0.00014065241851147359
    ],
    [
     0.9999614000751635,
     2.5670619373181137e-05,
     1.292930546329836e-05
    ]
   ],
   [
    [
     7.106846946604784e-06,
     8.975608665614336e-05,
     0.9999031370663973
    ],
    [
     1.5894837757683243e-05,
     0.9998942825300431,
     8.98226321991348e-05
    ],
    [
     0.9999769983152957,
     1.596138330067459e-05,
     7.0403014036133445e-06
    ]
   ]
  ],
  "lams": [
   [
    0.07467050459520724,
    0.46116929949676516,
    0.8877131129171519
   ],
   [
    -0.0457437075744806,
    0.38619061499031065,
    0.9714119087204892
   ],
   [
    -0.02399953143600407,
    0.3321706259261239,
    0.9911165314575064
   ],
   [
    0.008918363116667312,
    0.29325528637254195,
    0.9987482530995577
   ],
   [
    0.01482282678430479,
    0.28613724412960095,
    1.0004746470427721
   ],
   [
    0.012789067641084308,
    0.28745712280558844,
    1.0009107317526302
   ],
   [
    0.010337022987700397,
    0.2897298101029665,
    1.000886685001463
   ],
   [
    0.006561079581968914,
    0.2936057636450886,
    1.000523817563176
   ],
   [
    0.004872375656687325,
    0.2950576595243451,
    1.0004697398087128
   ],
   [
    0.003700131268163221,
    0.29634949001003374,
    1.0003269509869557
   ],
   [
    0.003140184128182691,
    0.29683013237489314,
    1.0003101930296203
   ],
   [
    0.0020654467906241593,
    0.2979794972444766,
    1.0001750632810755
   ],
   [
    0.0016634621948976773,
    0.2983614064621224,
    1.0001399818930985
   ],
   [
    0.0008959374702903306,
    0.29910460427476343,
    1.0000584332106823
   ],
   [
    0.000719677547119683,
    0.29928425975949996,
    1.0000534738970415
   ],
   [
    0.00046141943820969446,
    0.2995321353850028,
    1.0000380510704063
   ],
   [
    0.00038678160627860013,
    0.29961419696023256,
    1.0000336929712688
   ],
   [
    0.0002793161606144964,
    0.29973447566572786,
    1.000020995550342
   ],
   [
    0.00021584841053313959,
    0.2997990740156903,
    1.0000155526676102
   ],
   [
    0.00013612216903207043,
    0.29987363244078924,
    1.0000087882543962
   ],
   [
    8.980750319512087e-05,
    0.2999187636839224,
    1.000004711915177
   ],
   [
    7.981041920806115e-05,
    0.2999274060252578,
    1.0000043832889918
   ],
   [
    3.345476090009656e-05,
    0.29997902401323673,
    0.9999971960385031
   ],
   [
    2.936979716230984e-05,
    0.2999744106376485,
    1.0000007362565435
   ]
  ]
 },
 "overlap_seed": {
  "r": [
   0.8055840474786496,
   2.416752142435949,
   4.027920237393248,
   5.639088332350548,
   7.250256427307846,
   8.861424522265146,
   10.472592617222446,
   12.083760712179744,
   13.694928807137044,
   15.306096902094342,
   16.917264997051642,
   18.528433092008942,
   20.139601186966242,
   21.75076928192354,
   23.36193737688084,
   24.97310547183814,
   26.58427356679544,
   28.19544166175274,
   29.80660975671004,
   31.417777851667335,
   33.02894594662463,
   34.64011404158194,
   36.25128213653923,
   37.86245023149654
  ],
  "O": [
   [
    [
     6.933347799794049e-31,
     2.246404687133272e-30,
     0.9999999999999998
    ],
    [
     3.555502755164098e-30,
     0.9999999999999996,
     1.9973676107954558e-30
    ],
    [
     1.0,
     2.0830858278492343e-30,
     6.039716305598372e-31
    ]
   ],
   [
    [
     2.2148194360453212e-32,
     4.097837253859179e-31,
     1.0
    ],
    [
     1.5150912866484417e-31,
     1.0,
     6.32183312902472e-31
    ],
    [
     1.0,
     2.691487097281162e-31,
     6.615569358970155e-32
    ]
   ],
   [
    [
     1.142121246090105e-32,
     1.038832055555221e-31,
     1.0
    ],
    [
     4.475655850386811e-32,
     1.0,
     1.3309253443491788e-31
    ],
    [
     1.0,
     8.461998706815824e-32,
     1.7785739091073754e-32
    ]
   ],
   [
    [
     6.581105349439015e-33,
     5.463689823502155e-32,
     1.0
    ],
    [
     2.6749700584464507e-32,
     1.0,
     7.212206494818616e-32
    ],
    [
     1.0,
     5.484338928477441e-32,
     1.4951298252479858e-32
    ]
   ],
   [
    [
     9.07529421091661e-33,
     4.261680680991984e-32,
     1.0
    ],
    [
     2.367160637052504e-32,
     1.0,
     5.865860719625609e-32
    ],
    [
     1.0,
     6.181226610870257e-32,
     1.1975900863645765e-32
    ]
   ],
   [
    [
     8.513396448046435e-33,
     4.987426007075253e-32,
     1.0
    ],
    [
     2.0300452830894063e-32,
     1.0,
     6.200765955331136e-32
    ],
    [
     1.0,
     5.214455324428441e-32,
     1.2093808302567347e-32
    ]
   ],
   [
    [
     1.1902922197806537e-32,
     4.425292648726752e-32,
     1.0
    ],
    [
     2.799907092679249e-32,
     1.0,
     5.841627687529544e-32
    ],
    [
     1.0,
     5.522497514241964e-32,
     1.5799376958909533e-32
    ]
   ],
   [
    [
     9.996988759995638e-33,
     4.2920986979596854e-32,
     1.0
    ],
    [
     2.9689455845779594e-32,
     1.0,
     5.857986538487231e-32
    ],
    [
     1.0,
     5.34992844659988e-32,
     1.39537476330744e-32
    ]
   ],
   [
    [
     1.0557777408418688e-32,
     3.9394930484832965e-32,
     1.0
    ],
    [
     2.6857144901468196e-32,
     1.0,
     4.8870623850794896e-32
    ],
    [
     1.0,
     5.004516481462515e-32,
     1.1168417831390711e-32
    ]
   ],
   [
    [
     8.759981847868205e-33,
     4.174054372818417e-32,
     1.0
    ],
    [
     2.5254247907128287e-32,
     1.0,
     5.706822021875015e-32
    ],
    [
     1.0,
     5.029546316878492e-32,
     1.2199819019031965e-32
    ]
   ],
   [
    [
     9.463449605984632e-33,
     4.1283854209602014e-32,
     1.0
    ],
    [
     2.4456538284241005e-32,
     1.0,
     5.465464870251598e-32
    ],
    [
     1.0,
     5.435683228052702e-32,
     1.324462159152407e-32
    ]
   ],
   [
    [
     1.0224280592265738e-32,
     3.536308706521275e-32,
     1.0
    ],
    [
     2.811148475325926e-32,
     1.0,
     5.04082607412793e-32
    ],
    [
     1.0,
     5.465999830758643e-32,
     1.2792237339207687e-32
    ]
   ],
   [
    [
     9.741490611608072e-33,
     4.08219600183715e-32,
     1.0
    ],
    [
     2.4921976648565446e-32,
     1.0,
     5.117698251011304e-32
    ],
    [
     1.0,
     4.88261177331941e-32,
     1.243265083524902e-32
    ]
   ],
   [
    [
     9.527716743840829e-33,
     3.8789850508218627e-32,
     1.0
    ],
    [
     2.527391486718516e-32,
     1.0,
     5.069097201063777e-32
    ],
    [
     1.0,
     5.431948068539755e-32,
     1.3271719395571067e-32
    ]
   ],
   [
    [
     1.0119854087963185e-32,
     4.1192381789603637e-32,
     1.0
    ],
    [
     2.4058779150217086e-32,
     1.0,
     5.30924732289093e-32
    ],
    [
     1.0,
     5.037931634393449e-32,
     1.2533358816667128e-32
    ]
   ],
   [
    [
     1.021546498467062e-32,
     4.142703667334827e-32,
     1.0
    ],
    [
     2.606049783233402e-32,
     1.0,
     5.215524061112468e-32
    ],
    [
     1.0,
     5.208179042273697e-32,
     1.4066899627557947e-32
    ]
   ],
   [
    [
     1.1634452349819384e-32,
     4.350409268800878e-32,
     1.0
    ],
    [
     3.0574136190765296e-32,
     1.0,
     5.348576721614351e-32
    ],
    [
     1.0,
     6.286238378621917e-32,
     1.5676530122110635e-32
    ]
   ],
   [
    [
     1.189737573982472e-32,
     4.8194680381918663e-32,
     1.0
    ],
    [
     3.3162426366700255e-32,
     1.0,
     5.371064412016721e-32
    ],
    [
     1.0,
     7.141659589565206e-32,
     1.551928211363504e-32
    ]
   ],
   [
    [
     1.104530092019704e-32,
     4.958658985798245e-32,
     1.0
    ],
    [
     3.454755034524645e-32,
     1.0,
     5.611364366746747e-32
    ],
    [
     1.0,
     7.32813838727553e-32,
     1.5755537363919854e-32
    ]
   ],
   [
    [
     1.1522503319898917e-32,
     5.509324559179172e-32,
     1.0
    ],
    [
     4.0795325350181855e-32,
     1.0,
     5.932061020308103e-32
    ],
    [
     1.0,
     8.219056074707857e-32,
     1.5704700431340728e-32
    ]
   ],
   [
    [
     1.1235150874390707e-32,
     5.581939293518018e-32,
     1.0
    ],
    [
     3.748118941660953e-32,
     1.0,
     5.586596553442306e-32
    ],
    [
     1.0,
     7.067592173126687e-32,
     1.6592418738553082e-32
    ]
   ],
   [
    [
     1.0352571251785881e-32,
     6.214473514030378e-32,
     1.0
    ],
    [
     4.772103197251469e-32,
     1.0,
     6.121527418941319e-32
    ],
    [
     1.0,
     1.0432678772661117e-31,
     1.6359239716019695e-32
    ]
   ],
   [
    [
     8.989444043870904e-33,
     7.590554790471846e-32,
     1.0
    ],
    [
     4.3312621695402436e-32,
     1.0,
     5.833487767908393e-32
    ],
    [
     1.0,
     1.0294294786881954e-31,
     1.4153592749924403e-32
    ]
   ],
   [
    [
     9.796372015629403e-33,
     5.489187793734127e-32,
     1.0
    ],
    [
     6.428969577469116e-32,
     1.0,
     4.666175830690446e-32
    ],
    [
     1.0,
     1.2298356229949775e-31,
     1.2141982216554752e-32
    ]
   ]
  ],
  "lams": [
   [
    0.413489555253315,
    0.4272275554625585,
    0.4592828892841268
   ],
   [
    0.29389375205117807,
    0.3904288467849771,
    0.6156774011638443
   ],
   [
    0.15062105293783942,
    0.34634493936549055,
    0.8030340076966711
   ],
   [
    0.05956588739373938,
    0.31832796535191915,
    0.92210614725434
   ],
   [
    0.0163230567792065,
    0.30502247900898655,
    0.9786544642118064
   ],
   [
    0.0031195975563493776,
    0.3009598761711829,
    0.9959205262724642
   ],
   [
    0.0004943376464793185,
    0.3001521038912259,
    0.9993535584622909
   ],
   [
    5.492342603042689e-05,
    0.30001689951569777,
    0.999928177058264
   ],
   [
    4.434297785498467e-06,
    0.30000136439931807,
    0.9999942013029008
   ],
   [
    2.600421481479267e-07,
    0.30000008001296674,
    0.999999659944889
   ],
   [
    1.0511767400777307e-08,
    0.3000000032343947,
    0.9999999862538406
   ],
   [
    3.4490294977196096e-10,
    0.3000000001061346,
    0.9999999995489677
   ],
   [
    7.407335921082668e-12,
    0.30000000000227633,
    0.9999999999903446
   ],
   [
    1.2533464770188805e-13,
    0.3000000000000691,
    0.9999999999998951
   ],
   [
    1.3768603253233718e-15,
    0.3000000000000503,
    0.9999999999999999
   ],
   [
    7.522039223297716e-18,
    0.3000000000000503,
    1.0
   ],
   [
    -1.6012606475665012e-18,
    0.3000000000000378,
    1.0
   ],
   [
    -3.0199982133419744e-18,
    0.30000000000001714,
    1.0
   ],
   [
    -1.3041489698545782e-18,
    0.2999999999999919,
    1.0
   ],
   [
    -3.2062256739633437e-18,
    0.29999999999997073,
    1.0
   ],
   [
    4.551720801504453e-18,
    0.2999999999999777,
    1.0
   ],
   [
    -2.1870612566043687e-18,
    0.2999999999999959,
    1.0
   ],
   [
    -8.901408514597878e-19,
    0.30000000000000643,
    1.0
   ],
   [
    -1.3932963869274125e-17,
    0.3000000000000007,
    1.0
   ]
  ]
 },
 "stop": "max_iter",
 "trace": [
  {
   "it": 4500,
   "E": 1.45870664057358,
   "E_u": 0.9697440910326313,
   "E_v": 0.4889625495409488,
   "fmax": 0.007129140241231482,
   "dt": 0.05034311877296516
  },
  {
   "it": 5000,
   "E": 1.409281431935724,
   "E_u": 0.9285652928911557,
   "E_v": 0.4807161390445684,
   "fmax": 0.0016895947848508603,
   "dt": 0.07003060845101171
  },
  {
   "it": 5500,
   "E": 1.3675704540136262,
   "E_u": 0.894796545943625,
   "E_v": 0.47277390807000125,
   "fmax": 0.001254669696603396,
   "dt": 0.11787482281311507
  },
  {
   "it": 6000,
   "E": 1.3318567400925736,
   "E_u": 0.8669193625321673,
   "E_v": 0.4649373775604063,
   "fmax": 0.00837711482172468,
   "dt": 0.04509221091304151
  },
  {
   "it": 6500,
   "E": 1.3008053053632358,
   "E_u": 0.8433139639766472,
   "E_v": 0.45749134138658865,
   "fmax": 0.005241079849137608,
   "dt": 0.02356357936366548
  },
  {
   "it": 7000,
   "E": 1.2729949030779524,
   "E_u": 0.8225265392721639,
   "E_v": 0.4504683638057884,
   "fmax": 0.002885201738825271,
   "dt": 0.04362818036495561
  },
  {
   "it": 7500,
   "E": 1.2472755963414088,
   "E_u": 0.8038340522238426,
   "E_v": 0.4434415441175661,
   "fmax": 0.0043312988352117035,
   "dt": 0.04559705854762678
  },
  {
   "it": 8000,
   "E": 1.2234984912877402,
   "E_u": 0.7875581512884543,
   "E_v": 0.43594033999928594,
   "fmax": 0.01291285657682095,
   "dt": 0.021661267919494173
  }
 ],
 "wall_s": 1240.948364019394,
 "wscale": 0.0724023879
}