{
 "seed": "A",
 "n": 48,
 "delta": 0.3,
 "bc": "pinned",
 "E_end": 0.6253757935015927,
 "E_u": 0.5509392107965569,
 "E_v": 0.07443658270503567,
 "u_over_3v": 2.467152533406515,
 "r_half": 8.986100377805714,
 "retention": {
  "per_eig": [
   0.9749234397120458,
   0.9743414394815326,
   0.994208264031611
  ],
  "mean": 0.9811577144083964
 },
 "core": {
  "core_lams": [
   0.1842170405516041,
   0.429587261214374,
   0.8935398682837442
  ],
  "core_spread": 0.7093228277321402,
  "axis_lams": [
   0.12177132183101369,
   0.3171929087943386,
   0.9711433140368836
  ]
 },
 "core_locus": {
  "vmax_rho": 0.7071067811865476,
  "vmax_z": 0.5,
  "vmax_r": 0.8660254037844386,
  "shell_peak_r": 0.9640230152653093
 },
 "core_locus_seed": {
  "vmax_rho": 0.7071067811865476,
  "vmax_z": -0.5,
  "vmax_r": 0.8660254037844386,
  "shell_peak_r": 0.9640230152653093
 },
 "overlap_end": {
  "r": [
   0.8055840474786496,
   2.416752142435949,
   4.027920237393248,
   5.639088332350548,
   7.250256427307846,
   8.861424522265146,
   10.472592617222446,
   12.083760712179744,
   13.694928807137044,
   15.306096902094342,
   16.917264997051642,
   18.528433092008942,
   20.139601186966242,
   21.75076928192354,
   23.36193737688084,
   24.97310547183814,
   26.58427356679544,
   28.19544166175274,
   29.80660975671004,
   31.417777851667335,
   33.02894594662463,
   34.64011404158194,
   36.25128213653923,
   37.86245023149654
  ],
  "O": [
   [
    [
     0.14934139360236362,
     0.1554641546151604,
     0.695194451782476
    ],
    [
     0.3063555050881447,
     0.5570728880245466,
     0.13657160688730874
    ],
    [
     0.5443031013094921,
     0.2874629573602929,
     0.16823394133021527
    ]
   ],
   [
    [
     0.11394444031848905,
     0.21734911163865447,
     0.6687064480428564
    ],
    [
     0.11025695293473582,
     0.6359471495424913,
     0.2537958975227729
    ],
    [
     0.775798606746775,
     0.14670373881885423,
     0.07749765443437065
    ]
   ],
   [
    [
     0.04495768488973804,
     0.23723176135710589,
     0.7178105537531559
    ],
    [
     0.06609022636041875,
     0.6887581015888447,
     0.2451516720507364
    ],
    [
     0.8889520887498432,
     0.0740101370540493,
     0.037037774196107494
    ]
   ],
   [
    [
     0.024356637352970233,
     0.13752821903199935,
     0.8381151436150305
    ],
    [
     0.02452780253180103,
     0.8380379405159019,
     0.1374342569522972
    ],
    [
     0.9511155601152287,
     0.024433840452098884,
     0.024450599432672384
    ]
   ],
   [
    [
     0.012816983359842344,
     0.08292617709275274,
     0.9042568395474049
    ],
    [
     0.01179022709034781,
     0.9034640011971733,
     0.08474577171247885
    ],
    [
     0.9753927895498098,
     0.013609821710073928,
     0.010997388740116222
    ]
   ],
   [
    [
     0.006874574901070109,
     0.0570600432591137,
     0.9360653818398162
    ],
    [
     0.007033193373248898,
     0.9351612009276973,
     0.05780560569905385
    ],
    [
     0.986092231725681,
     0.007778755813189048,
     0.006129012461129961
    ]
   ],
   [
    [
     0.003897940341442314,
     0.03373179357877162,
     0.9623702660797862
    ],
    [
     0.004486679802892295,
     0.961433976062317,
     0.034079344134790655
    ],
    [
     0.9916153798556654,
     0.0048342303589113305,
     0.003550389785423277
    ]
   ],
   [
    [
     0.002734082917783134,
     0.020914051310498706,
     0.9763518657717182
    ],
    [
     0.002860890389863441,
     0.9759306513314244,
     0.0212084582787122
    ],
    [
     0.9944050266923535,
     0.0031552973580769375,
     0.0024396759495696374
    ]
   ],
   [
    [
     0.0017445854430882487,
     0.014258496775193481,
     0.9839969177817182
    ],
    [
     0.002119454524239187,
     0.983436477519114,
     0.014444067956646746
    ],
    [
     0.9961359600326725,
     0.002305025705692452,
     0.001559014261634984
    ]
   ],
   [
    [
     0.0014377811738926023,
     0.011268175354584697,
     0.9872940434715228
    ],
    [
     0.0016137702681364122,
     0.9869551455455006,
     0.011431084186362989
    ],
    [
     0.9969484485579709,
     0.001776679099914706,
     0.0012748723421143085
    ]
   ],
   [
    [
     0.001059063319772748,
     0.008286830965760675,
     0.9906541057144667
    ],
    [
     0.0011828667525598212,
     0.9904293493015149,
     0.008387783945925398
    ],
    [
     0.9977580699276676,
     0.0012838197327245456,
     0.0009581103396080234
    ]
   ],
   [
    [
     0.000775436481129724,
     0.006074317420566676,
     0.9931502460983036
    ],
    [
     0.0008256024476684156,
     0.9930370011876011,
     0.006137396364730589
    ],
    [
     0.998398961071202,
     0.0008886813918323282,
     0.0007123575369658111
    ]
   ],
   [
    [
     0.0006905768431313845,
     0.005517078153597313,
     0.9937923450032712
    ],
    [
     0.0007032988410258897,
     0.9937207130308338,
     0.005575988128140337
    ],
    [
     0.9986061243158427,
     0.0007622088155689152,
     0.0006316668685883591
    ]
   ],
   [
    [
     0.00047039902677441676,
     0.004397018921212501,
     0.995132582052013
    ],
    [
     0.0004941511655474881,
     0.9950788706346694,
     0.004426978199783149
    ],
    [
     0.9990354498076782,
     0.0005241104441181361,
     0.00044043974820376873
    ]
   ],
   [
    [
     0.00020174370524852508,
     0.0026127140698498563,
     0.9971855422249016
    ],
    [
     0.00035700643150924,
     0.99702718880977,
     0.0026158047587207783
    ],
    [
     0.9994412498632423,
     0.0003600971203801621,
     0.000198653016377603
    ]
   ],
   [
    [
     0.00010339958905303868,
     0.0016727193468496428,
     0.9982238810640973
    ],
    [
     0.0002329324368084232,
     0.9980933813873951,
     0.001673686175796527
    ],
    [
     0.9996636679741385,
     0.00023389926575530768,
     0.00010243276010615423
    ]
   ],
   [
    [
     7.242135212604423e-05,
     0.0012074212700947315,
     0.9987201573777791
    ],
    [
     0.00016049037493242487,
     0.9986323430412003,
     0.0012071665838673787
    ],
    [
     0.9997670882729415,
     0.000160235688705072,
     7.26760383533971e-05
    ]
   ],
   [
    [
     4.931539747081961e-05,
     0.0008290787136626958,
     0.9991216058888666
    ],
    [
     0.00011258930622644508,
     0.9990586077989128,
     0.0008288028948607452
    ],
    [
     0.9998380952963026,
     0.0001123134874244944,
     4.959121627277024e-05
    ]
   ],
   [
    [
     4.15983399634556e-05,
     0.0006085333674656781,
     0.9993498682925708
    ],
    [
     8.682295060625455e-05,
     0.9993049862538151,
     0.0006081907955785567
    ],
    [
     0.9998715787094302,
     8.648037871913327e-05,
     4.19409118505768e-05
    ]
   ],
   [
    [
     2.9371986392478833e-05,
     0.000399766909820429,
     0.9995708611037872
    ],
    [
     5.8387629549135304e-05,
     0.9995420740025516,
     0.0003995383678993872
    ],
    [
     0.9999122403840583,
     5.815908762809338e-05,
     2.960052831352078e-05
    ]
   ],
   [
    [
     1.648459877157254e-05,
     0.0002647555087953394,
     0.9997187598924331
    ],
    [
     3.815489393627173e-05,
     0.9996971420183771,
     0.00026470308768667696
    ],
    [
     0.9999453605072921,
     3.8102472827609235e-05,
     1.6537019880235026e-05
    ]
   ],
   [
    [
     1.3067460583226381e-05,
     0.00021496385561896585,
     0.9997719686837979
    ],
    [
     3.4156995361516025e-05,
     0.9997508975251111,
     0.0002149454795275239
    ],
    [
     0.9999527755440553,
     3.413861927007394e-05,
     1.308583667466838e-05
    ]
   ],
   [
    [
     1.1391294249069238e-05,
     0.00018390007906709358,
     0.9998047086266838
    ],
    [
     3.1427834188165934e-05,
     0.99978462465938,
     0.00018394750643184297
    ],
    [
     0.9999571808715627,
     3.147526155291539e-05,
     1.1343866884319805e-05
    ]
   ],
   [
    [
     7.143131170420201e-06,
     0.0001287134244311387,
     0.9998641434443984
    ],
    [
     2.1431132535910014e-05,
     0.9998498464538026,
     0.00012872241366150246
    ],
    [
     0.9999714257362938,
     2.1440121766274115e-05,
     7.134141940056039e-06
    ]
   ]
  ],
  "lams": [
   [
    0.2827667840239442,
    0.4540202438073715,
    0.8385777815672387
   ],
   [
    0.11501134467571682,
    0.4461028850705219,
    0.9088908944419721
   ],
   [
    0.04647604526681522,
    0.4213905396932601,
    0.9396945632999075
   ],
   [
    0.023384313714431202,
    0.38791636482601133,
    0.9625805812842957
   ],
   [
    0.027685174265352937,
    0.3469961394811133,
    0.9786870711091569
   ],
   [
    0.024325496634215543,
    0.3236730029876727,
    0.9884624788945197
   ],
   [
    0.026021035571129718,
    0.3137701649190359,
    0.9920840000913039
   ],
   [
    0.02447925593919208,
    0.30873872490779974,
    0.9943561604019255
   ],
   [
    0.021764336109792864,
    0.30631149200213403,
    0.9957054510528879
   ],
   [
    0.02042408025001336,
    0.3040459950099956,
    0.9965748308213545
   ],
   [
    0.01732341554922251,
    0.30467236381234586,
    0.9968801627739499
   ],
   [
    0.014848326766712282,
    0.30474128305491144,
    0.9971685971378118
   ],
   [
    0.012333102959600863,
    0.3047546753900538,
    0.997396934777761
   ],
   [
    0.009305176186208729,
    0.3044607150983332,
    0.997812637043883
   ],
   [
    0.0067769323717555225,
    0.30227221905350043,
    0.9987063915637693
   ],
   [
    0.005874810538448428,
    0.3005418086794018,
    0.9992711930804961
   ],
   [
    0.005219505043637785,
    0.29970249815348377,
    0.999530839941019
   ],
   [
    0.004229667767493898,
    0.29958411424618175,
    0.999652080137605
   ],
   [
    0.00322532806886775,
    0.2996438511151514,
    0.9997006475290221
   ],
   [
    0.002111098768986798,
    0.29988408386378906,
    0.9997409228349177
   ],
   [
    0.0013448823094768033,
    0.2999608097268705,
    0.9998078062359643
   ],
   [
    0.000953805271087799,
    0.2999500251274808,
    0.9998651320282891
   ],
   [
    0.000488133318366907,
    0.3001178995956171,
    0.9998840712563132
   ],
   [
    0.00016968659741750802,
    0.3000779399664699,
    0.9999448897816157
   ]
  ]
 },
 "overlap_seed": {
  "r": [
   0.8055840474786496,
   2.416752142435949,
   4.027920237393248,
   5.639088332350548,
   7.250256427307846,
   8.861424522265146,
   10.472592617222446,
   12.083760712179744,
   13.694928807137044,
   15.306096902094342,
   16.917264997051642,
   18.528433092008942,
   20.139601186966242,
   21.75076928192354,
   23.36193737688084,
   24.97310547183814,
   26.58427356679544,
   28.19544166175274,
   29.80660975671004,
   31.417777851667335,
   33.02894594662463,
   34.64011404158194,
   36.25128213653923,
   37.86245023149654
  ],
  "O": [
   [
    [
     6.933347799794049e-31,
     2.246404687133272e-30,
     0.9999999999999998
    ],
    [
     3.555502755164098e-30,
     0.9999999999999996,
     1.9973676107954558e-30
    ],
    [
     1.0,
     2.0830858278492343e-30,
     6.039716305598372e-31
    ]
   ],
   [
    [
     2.2148194360453212e-32,
     4.097837253859179e-31,
     1.0
    ],
    [
     1.5150912866484417e-31,
     1.0,
     6.32183312902472e-31
    ],
    [
     1.0,
     2.691487097281162e-31,
     6.615569358970155e-32
    ]
   ],
   [
    [
     1.142121246090105e-32,
     1.038832055555221e-31,
     1.0
    ],
    [
     4.475655850386811e-32,
     1.0,
     1.3309253443491788e-31
    ],
    [
     1.0,
     8.461998706815824e-32,
     1.7785739091073754e-32
    ]
   ],
   [
    [
     6.581105349439015e-33,
     5.463689823502155e-32,
     1.0
    ],
    [
     2.6749700584464507e-32,
     1.0,
     7.212206494818616e-32
    ],
    [
     1.0,
     5.484338928477441e-32,
     1.4951298252479858e-32
    ]
   ],
   [
    [
     9.07529421091661e-33,
     4.261680680991984e-32,
     1.0
    ],
    [
     2.367160637052504e-32,
     1.0,
     5.865860719625609e-32
    ],
    [
     1.0,
     6.181226610870257e-32,
     1.1975900863645765e-32
    ]
   ],
   [
    [
     8.513396448046435e-33,
     4.987426007075253e-32,
     1.0
    ],
    [
     2.0300452830894063e-32,
     1.0,
     6.200765955331136e-32
    ],
    [
     1.0,
     5.214455324428441e-32,
     1.2093808302567347e-32
    ]
   ],
   [
    [
     1.1902922197806537e-32,
     4.425292648726752e-32,
     1.0
    ],
    [
     2.799907092679249e-32,
     1.0,
     5.841627687529544e-32
    ],
    [
     1.0,
     5.522497514241964e-32,
     1.5799376958909533e-32
    ]
   ],
   [
    [
     9.996988759995638e-33,
     4.2920986979596854e-32,
     1.0
    ],
    [
     2.9689455845779594e-32,
     1.0,
     5.857986538487231e-32
    ],
    [
     1.0,
     5.34992844659988e-32,
     1.39537476330744e-32
    ]
   ],
   [
    [
     1.0557777408418688e-32,
     3.9394930484832965e-32,
     1.0
    ],
    [
     2.6857144901468196e-32,
     1.0,
     4.8870623850794896e-32
    ],
    [
     1.0,
     5.004516481462515e-32,
     1.1168417831390711e-32
    ]
   ],
   [
    [
     8.759981847868205e-33,
     4.174054372818417e-32,
     1.0
    ],
    [
     2.5254247907128287e-32,
     1.0,
     5.706822021875015e-32
    ],
    [
     1.0,
     5.029546316878492e-32,
     1.2199819019031965e-32
    ]
   ],
   [
    [
     9.463449605984632e-33,
     4.1283854209602014e-32,
     1.0
    ],
    [
     2.4456538284241005e-32,
     1.0,
     5.465464870251598e-32
    ],
    [
     1.0,
     5.435683228052702e-32,
     1.324462159152407e-32
    ]
   ],
   [
    [
     1.0224280592265738e-32,
     3.536308706521275e-32,
     1.0
    ],
    [
     2.811148475325926e-32,
     1.0,
     5.04082607412793e-32
    ],
    [
     1.0,
     5.465999830758643e-32,
     1.2792237339207687e-32
    ]
   ],
   [
    [
     9.741490611608072e-33,
     4.08219600183715e-32,
     1.0
    ],
    [
     2.4921976648565446e-32,
     1.0,
     5.117698251011304e-32
    ],
    [
     1.0,
     4.88261177331941e-32,
     1.243265083524902e-32
    ]
   ],
   [
    [
     9.527716743840829e-33,
     3.8789850508218627e-32,
     1.0
    ],
    [
     2.527391486718516e-32,
     1.0,
     5.069097201063777e-32
    ],
    [
     1.0,
     5.431948068539755e-32,
     1.3271719395571067e-32
    ]
   ],
   [
    [
     1.0119854087963185e-32,
     4.1192381789603637e-32,
     1.0
    ],
    [
     2.4058779150217086e-32,
     1.0,
     5.30924732289093e-32
    ],
    [
     1.0,
     5.037931634393449e-32,
     1.2533358816667128e-32
    ]
   ],
   [
    [
     1.021546498467062e-32,
     4.142703667334827e-32,
     1.0
    ],
    [
     2.606049783233402e-32,
     1.0,
     5.215524061112468e-32
    ],
    [
     1.0,
     5.208179042273697e-32,
     1.4066899627557947e-32
    ]
   ],
   [
    [
     1.1634452349819384e-32,
     4.350409268800878e-32,
     1.0
    ],
    [
     3.0574136190765296e-32,
     1.0,
     5.348576721614351e-32
    ],
    [
     1.0,
     6.286238378621917e-32,
     1.5676530122110635e-32
    ]
   ],
   [
    [
     1.189737573982472e-32,
     4.8194680381918663e-32,
     1.0
    ],
    [
     3.3162426366700255e-32,
     1.0,
     5.371064412016721e-32
    ],
    [
     1.0,
     7.141659589565206e-32,
     1.551928211363504e-32
    ]
   ],
   [
    [
     1.104530092019704e-32,
     4.958658985798245e-32,
     1.0
    ],
    [
     3.454755034524645e-32,
     1.0,
     5.611364366746747e-32
    ],
    [
     1.0,
     7.32813838727553e-32,
     1.5755537363919854e-32
    ]
   ],
   [
    [
     1.1522503319898917e-32,
     5.509324559179172e-32,
     1.0
    ],
    [
     4.0795325350181855e-32,
     1.0,
     5.932061020308103e-32
    ],
    [
     1.0,
     8.219056074707857e-32,
     1.5704700431340728e-32
    ]
   ],
   [
    [
     1.1235150874390707e-32,
     5.581939293518018e-32,
     1.0
    ],
    [
     3.748118941660953e-32,
     1.0,
     5.586596553442306e-32
    ],
    [
     1.0,
     7.067592173126687e-32,
     1.6592418738553082e-32
    ]
   ],
   [
    [
     1.0352571251785881e-32,
     6.214473514030378e-32,
     1.0
    ],
    [
     4.772103197251469e-32,
     1.0,
     6.121527418941319e-32
    ],
    [
     1.0,
     1.0432678772661117e-31,
     1.6359239716019695e-32
    ]
   ],
   [
    [
     8.989444043870904e-33,
     7.590554790471846e-32,
     1.0
    ],
    [
     4.3312621695402436e-32,
     1.0,
     5.833487767908393e-32
    ],
    [
     1.0,
     1.0294294786881954e-31,
     1.4153592749924403e-32
    ]
   ],
   [
    [
     9.796372015629403e-33,
     5.489187793734127e-32,
     1.0
    ],
    [
     6.428969577469116e-32,
     1.0,
     4.666175830690446e-32
    ],
    [
     1.0,
     1.2298356229949775e-31,
     1.2141982216554752e-32
    ]
   ]
  ],
  "lams": [
   [
    0.413489555253315,
    0.4272275554625585,
    0.4592828892841268
   ],
   [
    0.29389375205117807,
    0.3904288467849771,
    0.6156774011638443
   ],
   [
    0.15062105293783942,
    0.34634493936549055,
    0.8030340076966711
   ],
   [
    0.05956588739373938,
    0.31832796535191915,
    0.92210614725434
   ],
   [
    0.0163230567792065,
    0.30502247900898655,
    0.9786544642118064
   ],
   [
    0.0031195975563493776,
    0.3009598761711829,
    0.9959205262724642
   ],
   [
    0.0004943376464793185,
    0.3001521038912259,
    0.9993535584622909
   ],
   [
    5.492342603042689e-05,
    0.30001689951569777,
    0.999928177058264
   ],
   [
    4.434297785498467e-06,
    0.30000136439931807,
    0.9999942013029008
   ],
   [
    2.600421481479267e-07,
    0.30000008001296674,
    0.999999659944889
   ],
   [
    1.0511767400777307e-08,
    0.3000000032343947,
    0.9999999862538406
   ],
   [
    3.4490294977196096e-10,
    0.3000000001061346,
    0.9999999995489677
   ],
   [
    7.407335921082668e-12,
    0.30000000000227633,
    0.9999999999903446
   ],
   [
    1.2533464770188805e-13,
    0.3000000000000691,
    0.9999999999998951
   ],
   [
    1.3768603253233718e-15,
    0.3000000000000503,
    0.9999999999999999
   ],
   [
    7.522039223297716e-18,
    0.3000000000000503,
    1.0
   ],
   [
    -1.6012606475665012e-18,
    0.3000000000000378,
    1.0
   ],
   [
    -3.0199982133419744e-18,
    0.30000000000001714,
    1.0
   ],
   [
    -1.3041489698545782e-18,
    0.2999999999999919,
    1.0
   ],
   [
    -3.2062256739633437e-18,
    0.29999999999997073,
    1.0
   ],
   [
    4.551720801504453e-18,
    0.2999999999999777,
    1.0
   ],
   [
    -2.1870612566043687e-18,
    0.2999999999999959,
    1.0
   ],
   [
    -8.901408514597878e-19,
    0.30000000000000643,
    1.0
   ],
   [
    -1.3932963869274125e-17,
    0.3000000000000007,
    1.0
   ]
  ]
 },
 "stop": "max_iter",
 "trace": [
  {
   "it": 4500,
   "E": 0.7376474642969422,
   "E_u": 0.6278860549458474,
   "E_v": 0.10976140935109482,
   "fmax": 0.002112216049592653,
   "dt": 0.12986462877301536
  },
  {
   "it": 5000,
   "E": 0.7124822645053869,
   "E_u": 0.6106451503113924,
   "E_v": 0.10183711419399444,
   "fmax": 0.0063350265000954,
   "dt": 0.061693289144511075
  },
  {
   "it": 5500,
   "E": 0.69214145639344,
   "E_u": 0.5967515444186715,
   "E_v": 0.09538991197476854,
   "fmax": 0.0013174081524694678,
   "dt": 0.07801767841885025
  },
  {
   "it": 6000,
   "E": 0.6746950381226551,
   "E_u": 0.5848744288967713,
   "E_v": 0.08982060922588378,
   "fmax": 0.002105123553269331,
   "dt": 0.10852775161282738
  },
  {
   "it": 6500,
   "E": 0.6595803205254216,
   "E_u": 0.5745726724254822,
   "E_v": 0.08500764809993946,
   "fmax": 0.004241964190825327,
   "dt": 0.021304555938455167
  },
  {
   "it": 7000,
   "E": 0.6467105914333398,
   "E_u": 0.5657418810549034,
   "E_v": 0.0809687103784363,
   "fmax": 0.0019167917084151672,
   "dt": 0.0651993025726016
  },
  {
   "it": 7500,
   "E": 0.6354900812864019,
   "E_u": 0.5579867119373685,
   "E_v": 0.0775033693490334,
   "fmax": 0.0003819988680420274,
   "dt": 0.08245140260438062
  },
  {
   "it": 8000,
   "E": 0.6253757935015927,
   "E_u": 0.5509392107965569,
   "E_v": 0.07443658270503567,
   "fmax": 0.0014036283561479268,
   "dt": 0.11469535524932294
  }
 ],
 "wall_s": 1240.0155701637268,
 "wscale": 0.000724023879
}