{
 "seed": "C",
 "n": 48,
 "delta": 0.3,
 "bc": "pinned",
 "E_end": 8.401731575635736,
 "E_u": 8.323841926853396,
 "E_v": 0.07788964878234128,
 "u_over_3v": 35.622371123681894,
 "r_half": 10.23474474522936,
 "retention": {
  "per_eig": [
   0.9956982311627436,
   0.9942050420848082,
   0.9975024625711134
  ],
  "mean": 0.995801911939555
 },
 "core": {
  "core_lams": [
   0.26122706654813294,
   0.45348190702708907,
   0.8629214416560288
  ],
  "core_spread": 0.6016943751078958,
  "axis_lams": [
   -0.027584541787732734,
   0.38489200071296925,
   0.9605713888861361
  ]
 },
 "core_locus": {
  "vmax_rho": 1.5811388300841898,
  "vmax_z": -21.5,
  "vmax_r": 21.558061137310098,
  "shell_peak_r": 0.9640230152653093
 },
 "core_locus_seed": {
  "vmax_rho": 0.7071067811865476,
  "vmax_z": -0.5,
  "vmax_r": 0.8660254037844386,
  "shell_peak_r": 0.9640230152653093
 },
 "overlap_end": {
  "r": [
   0.8055840474786496,
   2.416752142435949,
   4.027920237393248,
   5.639088332350548,
   7.250256427307846,
   8.861424522265146,
   10.472592617222446,
   12.083760712179744,
   13.694928807137044,
   15.306096902094342,
   16.917264997051642,
   18.528433092008942,
   20.139601186966242,
   21.75076928192354,
   23.36193737688084,
   24.97310547183814,
   26.58427356679544,
   28.19544166175274,
   29.80660975671004,
   31.417777851667335,
   33.02894594662463,
   34.64011404158194,
   36.25128213653923,
   37.86245023149654
  ],
  "O": [
   [
    [
     0.592462298850615,
     0.04607762478123287,
     0.36146007636815214
    ],
    [
     0.28932715317322755,
     0.3023922634176565,
     0.4082805834091159
    ],
    [
     0.11821054797615757,
     0.6515301118011103,
     0.2302593402227319
    ]
   ],
   [
    [
     0.7252702925535133,
     0.059203159254000354,
     0.2155265481924863
    ],
    [
     0.2301966701221418,
     0.02127821111961331,
     0.7485251187582449
    ],
    [
     0.044533037324344875,
     0.9195186296263862,
     0.03594833304926878
    ]
   ],
   [
    [
     0.8763428638681031,
     0.0127269835106939,
     0.11093015262120291
    ],
    [
     0.11180350481047152,
     0.014180359290737639,
     0.8740161358987908
    ],
    [
     0.011853631321425313,
     0.9730926571985685,
     0.015053711480006228
    ]
   ],
   [
    [
     0.9424832150549797,
     0.0047512650323930814,
     0.05276551991262721
    ],
    [
     0.05222523958267274,
     0.007460479107512086,
     0.9403142813098152
    ],
    [
     0.005291545362347542,
     0.9877882558600948,
     0.006920198777557629
    ]
   ],
   [
    [
     0.9712417861106154,
     0.002465443308389224,
     0.026292770580995526
    ],
    [
     0.02592421591614148,
     0.0059017008348109775,
     0.9681740832490475
    ],
    [
     0.002833997973243273,
     0.9916328558567997,
     0.005533146169956928
    ]
   ],
   [
    [
     0.9876569387737588,
     0.0012442447146361842,
     0.011098816511605068
    ],
    [
     0.010957428769575032,
     0.0040313969365716115,
     0.9850111742938533
    ],
    [
     0.0013856324566662213,
     0.9947243583487921,
     0.0038900091945415737
    ]
   ],
   [
    [
     0.9936299351183709,
     0.0007835455082332327,
     0.005586519373395877
    ],
    [
     0.005550707136350952,
     0.0022997006743782967,
     0.9921495921892708
    ],
    [
     0.000819357745278156,
     0.9969167538173883,
     0.0022638884373333734
    ]
   ],
   [
    [
     0.9962514578198164,
     0.0005019056117938202,
     0.003246636568389814
    ],
    [
     0.003241948430748471,
     0.0022692257756995594,
     0.9944888257935519
    ],
    [
     0.0005065937494351633,
     0.9972288686125066,
     0.0022645376380582157
    ]
   ],
   [
    [
     0.9976939766076831,
     0.0003012019978519466,
     0.0020048213944649836
    ],
    [
     0.002006581788858677,
     0.0012957848069424026,
     0.9966976334041988
    ],
    [
     0.0002994416034582529,
     0.9984030131952055,
     0.0012975452013360962
    ]
   ],
   [
    [
     0.9982227053316797,
     0.00021072356810071947,
     0.0015665711002195344
    ],
    [
     0.0015816342622405174,
     0.0014608023008911212,
     0.9969575634368683
    ],
    [
     0.00019566040607973647,
     0.9983284741310082,
     0.001475865462912104
    ]
   ],
   [
    [
     0.9986584822295203,
     0.000145549746275295,
     0.001195968024204513
    ],
    [
     0.0012091224148004203,
     0.0013320425744936047,
     0.9974588350107059
    ],
    [
     0.00013239535567938712,
     0.9985224076792311,
     0.0013451969650895123
    ]
   ],
   [
    [
     0.9990778010691459,
     0.00010076406760903274,
     0.0008214348632451438
    ],
    [
     0.0008319526661165235,
     0.0009478511120971316,
     0.9982201962217864
    ],
    [
     9.024626473765284e-05,
     0.9989513848202938,
     0.0009583689149685117
    ]
   ],
   [
    [
     0.9990532056335212,
     0.0001459213082880539,
     0.0008008730581907499
    ],
    [
     0.0008822936401925867,
     0.0013506997727622738,
     0.9977670065870451
    ],
    [
     6.450072628621728e-05,
     0.9985033789189496,
     0.0014321203547641105
    ]
   ],
   [
    [
     0.9974758108005266,
     0.0005027355839564519,
     0.00202145361551692
    ],
    [
     0.0024732502821177864,
     0.0008879246955273567,
     0.9966388250223549
    ],
    [
     5.093891735558506e-05,
     0.9986093397205161,
     0.0013397213621282233
    ]
   ],
   [
    [
     0.9993846749243728,
     8.64157689908605e-05,
     0.0005289093066363243
    ],
    [
     0.0005895072932204896,
     0.0003440781423213531,
     0.9990664145644582
    ],
    [
     2.5817782406695215e-05,
     0.9995695060886879,
     0.0004046761289055185
    ]
   ],
   [
    [
     0.9999673337256632,
     5.174686008811393e-06,
     2.7491588328066262e-05
    ],
    [
     2.7513546920625575e-05,
     1.8935285520228683e-05,
     0.9999535511675591
    ],
    [
     5.152727416252099e-06,
     0.999975890028471,
     1.8957244112787962e-05
    ]
   ],
   [
    [
     0.9999877165460687,
     8.35403169032227e-07,
     1.1448050762303824e-05
    ],
    [
     1.1442617982964342e-05,
     2.565187889187413e-06,
     0.9999859921941279
    ],
    [
     8.408359483717038e-07,
     0.9999965994089419,
     2.5597551098479365e-06
    ]
   ],
   [
    [
     0.9999942193169976,
     1.2771094378115025e-07,
     5.652972058510219e-06
    ],
    [
     5.651940449366457e-06,
     3.2021291281598533e-07,
     0.9999940278466378
    ],
    [
     1.2874255292492265e-07,
     0.9999995520761433,
     3.191813036722116e-07
    ]
   ],
   [
    [
     0.9999975695352205,
     4.197813235142389e-08,
     2.388486647230436e-06
    ],
    [
     2.3882805701633652e-06,
     8.193122488189387e-08,
     0.999997529788205
    ],
    [
     4.218420941849564e-08,
     0.9999998760906427,
     8.172514781482169e-08
    ]
   ],
   [
    [
     0.9999990580513893,
     1.5827065488921073e-08,
     9.26121545245815e-07
    ],
    [
     9.260794257566979e-07,
     2.9240639587276332e-08,
     0.9999990446799346
    ],
    [
     1.5869184978043398e-08,
     0.999999954932295,
     2.9198520098154315e-08
    ]
   ],
   [
    [
     0.9999996088979418,
     5.094838286186772e-09,
     3.8600721988709207e-07
    ],
    [
     3.85998502720586e-07,
     1.1256506815309647e-08,
     0.9999996027449906
    ],
    [
     5.1035554526912275e-09,
     0.9999999836486548,
     1.1247789648806983e-08
    ]
   ],
   [
    [
     0.9999998274139787,
     2.241466023426284e-09,
     1.7034455531190525e-07
    ],
    [
     1.7034205579916356e-07,
     6.621102828606023e-09,
     0.9999998230368414
    ],
    [
     2.2439655361694954e-09,
     0.9999999911374311,
     6.618603315863428e-09
    ]
   ],
   [
    [
     0.9999999297687886,
     1.1820164715273197e-09,
     6.904919511642188e-08
    ],
    [
     6.904816882814674e-08,
     4.34534493044977e-09,
     0.9999999266064863
    ],
    [
     1.183042759799567e-09,
     0.9999999944726387,
     4.344318642178116e-09
    ]
   ],
   [
    [
     0.9999999849570697,
     5.285815604287029e-10,
     1.4514348638111801e-08
    ],
    [
     1.4514009820909152e-08,
     2.111303199636156e-09,
     0.9999999833746869
    ],
    [
     5.289203776288346e-10,
     0.999999997360115,
     2.1109643824354865e-09
    ]
   ]
  ],
  "lams": [
   [
    0.4309398478480035,
    0.5448574509904278,
    0.7291866776505047
   ],
   [
    0.2020275911404051,
    0.4006781116524157,
    0.9102284868664088
   ],
   [
    0.14388456937809477,
    0.3225677053680569,
    0.9627566326649732
   ],
   [
    0.10792064270867181,
    0.2963643207126224,
    0.9799856307734777
   ],
   [
    0.07589453012379482,
    0.2833806634518153,
    0.9905450132100303
   ],
   [
    0.05403634196246448,
    0.28080547982816045,
    0.9957638790404875
   ],
   [
    0.042079536243607114,
    0.28167705509937085,
    0.9978425338850638
   ],
   [
    0.03385798983055538,
    0.284132393615873,
    0.9986786221512766
   ],
   [
    0.02819787304064281,
    0.28463969779394077,
    0.9995859258281063
   ],
   [
    0.023090890324589188,
    0.2877159985277188,
    0.9993872195557738
   ],
   [
    0.018553663841074118,
    0.2893969026273826,
    0.9996429501549634
   ],
   [
    0.014835532543326929,
    0.29120100341639693,
    0.9997725209068538
   ],
   [
    0.011043919530166375,
    0.29294071751967204,
    0.9999315791127127
   ],
   [
    0.0074502252436104205,
    0.29428957619863194,
    1.0001947553725616
   ],
   [
    0.005750457456869193,
    0.29651047324465685,
    0.9998948666034845
   ],
   [
    0.004610138427502502,
    0.29827161279226055,
    0.9995282638311572
   ],
   [
    0.003545369982282002,
    0.2990047794074739,
    0.9994725503621222
   ],
   [
    0.002612617638685504,
    0.2993962584791599,
    0.9995374211991296
   ],
   [
    0.001845794202214099,
    0.29958814172124504,
    0.9996636824048005
   ],
   [
    0.0011861947619780425,
    0.29973510089049543,
    0.9997847387555745
   ],
   [
    0.0007681031563958981,
    0.29982740157969406,
    0.9998622095639014
   ],
   [
    0.0005544388787612097,
    0.2998701571423314,
    0.9999046183918188
   ],
   [
    0.0003760546016616772,
    0.299906834513112,
    0.9999391753843548
   ],
   [
    0.00016375965600495817,
    0.2999557190100266,
    0.9999762877221112
   ]
  ]
 },
 "overlap_seed": {
  "r": [
   0.8055840474786496,
   2.416752142435949,
   4.027920237393248,
   5.639088332350548,
   7.250256427307846,
   8.861424522265146,
   10.472592617222446,
   12.083760712179744,
   13.694928807137044,
   15.306096902094342,
   16.917264997051642,
   18.528433092008942,
   20.139601186966242,
   21.75076928192354,
   23.36193737688084,
   24.97310547183814,
   26.58427356679544,
   28.19544166175274,
   29.80660975671004,
   31.417777851667335,
   33.02894594662463,
   34.64011404158194,
   36.25128213653923,
   37.86245023149654
  ],
  "O": [
   [
    [
     0.9999999999999998,
     4.437342591868191e-31,
     7.398652474358005e-30
    ],
    [
     6.807006795442246e-30,
     0.0,
     1.0
    ],
    [
     4.7533919723044635e-31,
     0.9999999999999987,
     1.9386358851887744e-34
    ]
   ],
   [
    [
     1.0,
     9.55261252416069e-32,
     1.935559594109172e-31
    ],
    [
     2.068930242757988e-31,
     5.16028854474255e-32,
     1.0
    ],
    [
     1.8641398458084896e-31,
     1.0,
     6.539848910846718e-32
    ]
   ],
   [
    [
     1.0,
     1.4784871503307594e-32,
     5.042801219501369e-32
    ],
    [
     7.503064750784878e-32,
     1.64961638336165e-32,
     1.0
    ],
    [
     3.2405565424169996e-32,
     1.0,
     2.96328088400688e-32
    ]
   ],
   [
    [
     1.0,
     1.4644669932386625e-32,
     2.548562822460846e-32
    ],
    [
     3.0472773133232254e-32,
     8.643085772627948e-33,
     1.0
    ],
    [
     2.1272482725107317e-32,
     1.0,
     1.404439963559413e-32
    ]
   ],
   [
    [
     1.0,
     1.3382935831462453e-32,
     3.0669133060350256e-32
    ],
    [
     3.740077873759023e-32,
     1.4985298565439995e-32,
     1.0
    ],
    [
     2.15398797519288e-32,
     1.0,
     1.5840028427671376e-32
    ]
   ],
   [
    [
     1.0,
     1.1886476048350151e-32,
     2.5909899110249354e-32
    ],
    [
     3.3227695935931924e-32,
     9.776231468515656e-33,
     1.0
    ],
    [
     1.911541924129957e-32,
     1.0,
     1.6802114178998903e-32
    ]
   ],
   [
    [
     1.0,
     1.0633656190177164e-32,
     3.1610480059546886e-32
    ],
    [
     3.7469819878361154e-32,
     8.919182671346201e-33,
     1.0
    ],
    [
     2.0873836491270472e-32,
     1.0,
     1.59444970994654e-32
    ]
   ],
   [
    [
     1.0,
     1.1974950911713736e-32,
     3.0605594722905693e-32
    ],
    [
     3.686563741414197e-32,
     1.1575117322829562e-32,
     1.0
    ],
    [
     1.990643596442306e-32,
     1.0,
     1.5914429873421628e-32
    ]
   ],
   [
    [
     1.0,
     1.3231435094848598e-32,
     3.557438028161667e-32
    ],
    [
     4.085748065768064e-32,
     1.0904376919322077e-32,
     1.0
    ],
    [
     2.4097339039719683e-32,
     1.0,
     1.6240061217026633e-32
    ]
   ],
   [
    [
     1.0,
     1.2104805159582942e-32,
     3.335339685369733e-32
    ],
    [
     4.076546453515976e-32,
     1.1853656898909124e-32,
     1.0
    ],
    [
     2.340864388529081e-32,
     1.0,
     1.837655263368361e-32
    ]
   ],
   [
    [
     1.0,
     1.2517095417153072e-32,
     2.8784076688047156e-32
    ],
    [
     3.6451906924759205e-32,
     1.0915178169524397e-32,
     1.0
    ],
    [
     2.3801604725247907e-32,
     1.0,
     1.8104454148366682e-32
    ]
   ],
   [
    [
     1.0,
     1.0865883361949174e-32,
     3.0273416490532644e-32
    ],
    [
     3.518802586104835e-32,
     1.0688995212479462e-32,
     1.0
    ],
    [
     2.090184106340157e-32,
     1.0,
     1.5295065039991505e-32
    ]
   ],
   [
    [
     1.0,
     1.0708368523728344e-32,
     2.9878565076405037e-32
    ],
    [
     3.505400075476e-32,
     1.113829196358326e-32,
     1.0
    ],
    [
     1.892348209286598e-32,
     1.0,
     1.595760540861581e-32
    ]
   ],
   [
    [
     1.0,
     1.283186549622562e-32,
     2.84284844024148e-32
    ],
    [
     3.694278570086918e-32,
     1.1103900691131601e-32,
     1.0
    ],
    [
     2.1520579364582176e-32,
     1.0,
     1.615726166510164e-32
    ]
   ],
   [
    [
     1.0,
     1.1122913672373227e-32,
     2.8230729281922227e-32
    ],
    [
     3.311640531478099e-32,
     1.1098085214613525e-32,
     1.0
    ],
    [
     2.1099064951333616e-32,
     1.0,
     1.6317165161358953e-32
    ]
   ],
   [
    [
     1.0,
     1.2236858291477916e-32,
     3.056661361849117e-32
    ],
    [
     3.984131320197458e-32,
     9.942818909571589e-33,
     1.0
    ],
    [
     2.2625909966730855e-32,
     1.0,
     1.4422385859523617e-32
    ]
   ],
   [
    [
     1.0,
     1.3056944282747347e-32,
     3.450689403392331e-32
    ],
    [
     3.994235437968315e-32,
     9.1262544624735e-33,
     1.0
    ],
    [
     2.3585468942497175e-32,
     1.0,
     1.2878598367442523e-32
    ]
   ],
   [
    [
     1.0,
     1.5409503672253988e-32,
     3.2783514552165286e-32
    ],
    [
     4.077060502392337e-32,
     8.007234625635454e-33,
     1.0
    ],
    [
     2.4204990812815202e-32,
     1.0,
     1.1123719527273183e-32
    ]
   ],
   [
    [
     1.0,
     1.5925358892184696e-32,
     3.636896246048316e-32
    ],
    [
     4.400846369728761e-32,
     9.020397140364551e-33,
     1.0
    ],
    [
     2.5546028756321055e-32,
     1.0,
     1.1846702039509602e-32
    ]
   ],
   [
    [
     1.0,
     1.7331783880816318e-32,
     3.9029594340676993e-32
    ],
    [
     4.3571334747685715e-32,
     9.883438219676e-33,
     1.0
    ],
    [
     2.80915317209054e-32,
     1.0,
     1.273287934166124e-32
    ]
   ],
   [
    [
     1.0,
     1.8111261589091833e-32,
     4.198791581396628e-32
    ],
    [
     4.419461084345741e-32,
     7.624314538058429e-33,
     1.0
    ],
    [
     2.9428361373073454e-32,
     1.0,
     1.4591939894753826e-32
    ]
   ],
   [
    [
     1.0,
     1.9365365150954554e-32,
     4.992066239908074e-32
    ],
    [
     5.321428172426471e-32,
     9.537540028943746e-33,
     1.0
    ],
    [
     3.2622901577122015e-32,
     1.0,
     1.7013045635639904e-32
    ]
   ],
   [
    [
     1.0,
     1.8382669262289203e-32,
     4.4755955452463655e-32
    ],
    [
     5.852701866860631e-32,
     8.936314941956774e-33,
     1.0
    ],
    [
     3.774421916946206e-32,
     1.0,
     1.8338638653451905e-32
    ]
   ],
   [
    [
     1.0,
     2.4559918574394842e-32,
     4.493453267262876e-32
    ],
    [
     4.212899890289452e-32,
     1.172805100462675e-32,
     1.0
    ],
    [
     3.3576683342312875e-32,
     1.0,
     1.464734532254491e-32
    ]
   ]
  ],
  "lams": [
   [
    0.41348955525331504,
    0.4272275554625585,
    0.45928288928412664
   ],
   [
    0.29389375205117807,
    0.39042884678497713,
    0.6156774011638444
   ],
   [
    0.15062105293783942,
    0.34634493936549027,
    0.8030340076966711
   ],
   [
    0.059565887393739386,
    0.31832796535191915,
    0.92210614725434
   ],
   [
    0.016323056779206507,
    0.30502247900898655,
    0.9786544642118064
   ],
   [
    0.0031195975563493815,
    0.300959876171183,
    0.9959205262724642
   ],
   [
    0.0004943376464793157,
    0.3001521038912259,
    0.9993535584622909
   ],
   [
    5.49234260304261e-05,
    0.3000168995156982,
    0.9999281770582636
   ],
   [
    4.434297785498944e-06,
    0.300001364399318,
    0.9999942013029013
   ],
   [
    2.600421481482763e-07,
    0.30000008001296674,
    0.999999659944889
   ],
   [
    1.0511767398032565e-08,
    0.3000000032343947,
    0.9999999862538416
   ],
   [
    3.449029471596277e-10,
    0.3000000001061346,
    0.9999999995489677
   ],
   [
    7.407335113374294e-12,
    0.30000000000227633,
    0.9999999999903446
   ],
   [
    1.253277785164273e-13,
    0.3000000000000691,
    0.9999999999998951
   ],
   [
    1.3786923591413928e-15,
    0.3000000000000503,
    1.0
   ],
   [
    1.139259223348125e-17,
    0.3000000000000503,
    1.0
   ],
   [
    9.155361931242672e-19,
    0.3000000000000378,
    1.0
   ],
   [
    -8.608262582567678e-19,
    0.30000000000001714,
    1.0
   ],
   [
    -9.212676107413872e-19,
    0.2999999999999919,
    1.0
   ],
   [
    -6.615166353707637e-18,
    0.29999999999997073,
    1.0
   ],
   [
    5.439529231788625e-18,
    0.2999999999999777,
    1.0
   ],
   [
    -8.346685409111716e-18,
    0.2999999999999959,
    1.0
   ],
   [
    -1.065442428989487e-17,
    0.30000000000000643,
    1.0
   ],
   [
    3.441418818611946e-18,
    0.3000000000000007,
    1.0
   ]
  ]
 },
 "stop": "max_iter",
 "trace": [
  {
   "it": 4500,
   "E": 8.54087361907429,
   "E_u": 8.454492357894912,
   "E_v": 0.0863812611793772,
   "fmax": 0.008316784851178094,
   "dt": 0.028428485683498192
  },
  {
   "it": 5000,
   "E": 8.513838452716163,
   "E_u": 8.429325281408815,
   "E_v": 0.08451317130734795,
   "fmax": 0.004607980163190664,
   "dt": 0.02701038464104218
  },
  {
   "it": 5500,
   "E": 8.489726277171279,
   "E_u": 8.40681939025531,
   "E_v": 0.08290688691596944,
   "fmax": 0.012747383528747058,
   "dt": 0.03415748344942587
  },
  {
   "it": 6000,
   "E": 8.468176672594456,
   "E_u": 8.386622300761623,
   "E_v": 0.08155437183283416,
   "fmax": 0.0020043116413661524,
   "dt": 0.04751531902316741
  },
  {
   "it": 6500,
   "E": 8.448872113382293,
   "E_u": 8.368454247819244,
   "E_v": 0.0804178655630487,
   "fmax": 0.008379612860035955,
   "dt": 0.06008813812528535
  },
  {
   "it": 7000,
   "E": 8.431902444070793,
   "E_u": 8.352432292791827,
   "E_v": 0.07947015127896721,
   "fmax": 0.004459907700402813,
   "dt": 0.02595034337289454
  },
  {
   "it": 7500,
   "E": 8.41554607640879,
   "E_u": 8.336951322520472,
   "E_v": 0.07859475388831781,
   "fmax": 0.09977903874581841,
   "dt": 0.10570405014494906
  },
  {
   "it": 8000,
   "E": 8.401731575635736,
   "E_u": 8.323841926853396,
   "E_v": 0.07788964878234128,
   "fmax": 0.0013250862508607185,
   "dt": 0.045650547391695606
  }
 ],
 "wall_s": 1238.0654537677765,
 "wscale": 0.000724023879
}