{
 "seed": "B",
 "n": 48,
 "delta": 0.3,
 "bc": "pinned",
 "E_end": 34.05304523251117,
 "E_u": 33.87396547690869,
 "E_v": 0.1790797556024812,
 "u_over_3v": 63.051916659415994,
 "r_half": 13.369741957120938,
 "retention": {
  "per_eig": [
   0.990430470610678,
   0.9906536520375968,
   0.9961014741811777
  ],
  "mean": 0.9923951989431509
 },
 "core": {
  "core_lams": [
   0.2591304501507329,
   0.39552044936699643,
   0.882745584649457
  ],
  "core_spread": 0.6236151344987241,
  "axis_lams": [
   0.1106035799971374,
   0.409807306549674,
   0.8974692686248988
  ]
 },
 "core_locus": {
  "vmax_rho": 1.5811388300841898,
  "vmax_z": -21.5,
  "vmax_r": 21.558061137310098,
  "shell_peak_r": 0.9640230152653093
 },
 "core_locus_seed": {
  "vmax_rho": 0.7071067811865476,
  "vmax_z": -0.5,
  "vmax_r": 0.8660254037844386,
  "shell_peak_r": 0.9640230152653093
 },
 "overlap_end": {
  "r": [
   0.8055840474786496,
   2.416752142435949,
   4.027920237393248,
   5.639088332350548,
   7.250256427307846,
   8.861424522265146,
   10.472592617222446,
   12.083760712179744,
   13.694928807137044,
   15.306096902094342,
   16.917264997051642,
   18.528433092008942,
   20.139601186966242,
   21.75076928192354,
   23.36193737688084,
   24.97310547183814,
   26.58427356679544,
   28.19544166175274,
   29.80660975671004,
   31.417777851667335,
   33.02894594662463,
   34.64011404158194,
   36.25128213653923,
   37.86245023149654
  ],
  "O": [
   [
    [
     0.35247603177152487,
     0.4097772716551161,
     0.23774669657335887
    ],
    [
     0.3211128918310102,
     0.5739101439149308,
     0.10497696425405911
    ],
    [
     0.32641107639746536,
     0.016312584429952905,
     0.657276339172582
    ]
   ],
   [
    [
     0.272764252081909,
     0.6624478919260467,
     0.06478785599204426
    ],
    [
     0.5689509818029883,
     0.3157385014735104,
     0.11531051672350122
    ],
    [
     0.15828476611510256,
     0.021813606600442938,
     0.8199016272844544
    ]
   ],
   [
    [
     0.10295405169977424,
     0.870071128658469,
     0.0269748196417567
    ],
    [
     0.8525823843847052,
     0.10681313313260118,
     0.04060448248269369
    ],
    [
     0.044463563915520636,
     0.023115738208929745,
     0.9324206978755495
    ]
   ],
   [
    [
     0.05382196038366466,
     0.9357128202089269,
     0.010465219407408495
    ],
    [
     0.9250940729941208,
     0.056098457414723614,
     0.018807469591155573
    ],
    [
     0.02108396662221453,
     0.008188722376349539,
     0.9707273110014359
    ]
   ],
   [
    [
     0.026368244449471244,
     0.9666180698401405,
     0.007013685710388182
    ],
    [
     0.9616265343373221,
     0.027484915002181864,
     0.010888550660496009
    ],
    [
     0.01200522121320664,
     0.005897015157677557,
     0.9820977636291157
    ]
   ],
   [
    [
     0.014754210803413829,
     0.9812010198829232,
     0.004044769313663021
    ],
    [
     0.9809476081365895,
     0.014904079980401642,
     0.004148311883008776
    ],
    [
     0.004298181059996591,
     0.0038949001366752074,
     0.9918069188033282
    ]
   ],
   [
    [
     0.010474622654251451,
     0.9872778178357232,
     0.0022475595100254022
    ],
    [
     0.9872271850497698,
     0.010353621420363205,
     0.0024191935298670288
    ],
    [
     0.002298192295978785,
     0.0023685607439136464,
     0.9953332469601077
    ]
   ],
   [
    [
     0.008478338625236158,
     0.9892530098676343,
     0.0022686515071294114
    ],
    [
     0.9898181551045199,
     0.00823473374812169,
     0.0019471111473584486
    ],
    [
     0.0017035062702439826,
     0.002512256384243877,
     0.9957842373455121
    ]
   ],
   [
    [
     0.0050948529949953565,
     0.9936988739414214,
     0.0012062730635831634
    ],
    [
     0.9938272593183319,
     0.004970243578716784,
     0.0012024971029512927
    ],
    [
     0.0010778876866727198,
     0.0013308824798617363,
     0.9975912298334655
    ]
   ],
   [
    [
     0.004621532400815258,
     0.9938958757753268,
     0.0014825918238580507
    ],
    [
     0.9942484128829276,
     0.004417135209344342,
     0.0013344519077281636
    ],
    [
     0.0011300547162572472,
     0.0016869890153289673,
     0.9971829562684136
    ]
   ],
   [
    [
     0.003557342776355606,
     0.9950328187671272,
     0.0014098384565170547
    ],
    [
     0.995514676670738,
     0.0033781158331466703,
     0.0011072074961154007
    ],
    [
     0.0009279805529064654,
     0.0015890653997259901,
     0.9974829540473675
    ]
   ],
   [
    [
     0.002289245272493887,
     0.9967626874705613,
     0.0009480672569448529
    ],
    [
     0.9969585915419876,
     0.002185288853178057,
     0.0008561196048343585
    ],
    [
     0.0007521631855185292,
     0.0010520236762606822,
     0.9981958131382208
    ]
   ],
   [
    [
     0.0028850790072433474,
     0.9954024000472733,
     0.0017125209454833335
    ],
    [
     0.996461764204376,
     0.002707479181100733,
     0.000830756614523233
    ],
    [
     0.0006531567883806189,
     0.001890120771625947,
     0.9974567224399934
    ]
   ],
   [
    [
     0.002207797331705127,
     0.9963821711957005,
     0.0014100314725944707
    ],
    [
     0.9970453068115058,
     0.002035401621498593,
     0.0009192915669955914
    ],
    [
     0.0007468958567890585,
     0.0015824271828010032,
     0.99767067696041
    ]
   ],
   [
    [
     0.0009570177307254687,
     0.998677421187769,
     0.00036556108150543747
    ],
    [
     0.9989001198533827,
     0.000956798754592713,
     0.0001430813920246152
    ],
    [
     0.00014286241589185966,
     0.000365780057638193,
     0.99949135752647
    ]
   ],
   [
    [
     0.00043391272898560783,
     0.9995404595958374,
     2.5627675177086356e-05
    ],
    [
     0.9995433989815669,
     0.00043349701511910917,
     2.310400331409734e-05
    ],
    [
     2.268828944759873e-05,
     2.6043389043584977e-05,
     0.9999512683215087
    ]
   ],
   [
    [
     0.00027307241154759864,
     0.9997172151891105,
     9.712399341931367e-06
    ],
    [
     0.9997173187713276,
     0.00027276502105143724,
     9.916207620954437e-06
    ],
    [
     9.608817124793093e-06,
     1.0019789838092725e-05,
     0.9999803713930371
    ]
   ],
   [
    [
     0.00014842055217841832,
     0.9998481033514114,
     3.476096410274359e-06
    ],
    [
     0.9998458833489628,
     0.00014828650287260429,
     5.830148164455361e-06
    ],
    [
     5.696098858641432e-06,
     3.610145716088294e-06,
     0.9999906937554252
    ]
   ],
   [
    [
     5.9287751054655876e-05,
     0.9999396369249615,
     1.0753239838466647e-06
    ],
    [
     0.9999377787358431,
     5.9245466551015316e-05,
     2.9757976059826773e-06
    ],
    [
     2.9335131023421275e-06,
     1.117608487487214e-06,
     0.99999594887841
    ]
   ],
   [
    [
     1.378261154552082e-05,
     0.9999859857922029,
     2.3159625153940222e-07
    ],
    [
     0.9999849737106266,
     1.3775661603428815e-05,
     1.250627770003035e-06
    ],
    [
     1.2436778279110413e-06,
     2.3854619363140026e-07,
     0.9999985177759784
    ]
   ],
   [
    [
     1.3617123297044669e-06,
     0.9999986140047405,
     2.428292973460678e-08
    ],
    [
     0.9999981044277388,
     1.3612451462475783e-06,
     5.343271148666506e-07
    ],
    [
     5.338599314097606e-07,
     2.4750113191497202e-08,
     0.9999994413899553
    ]
   ],
   [
    [
     3.6929418417902287e-08,
     0.9999999604546896,
     2.6158920423916436e-09
    ],
    [
     0.9999996675595652,
     3.6917382590733604e-08,
     2.9552305242019033e-07
    ],
    [
     2.95511016593021e-07,
     2.6279278695602702e-09,
     0.9999997018610557
    ]
   ],
   [
    [
     1.22438615257445e-08,
     0.9999999864049587,
     1.3511798150695648e-09
    ],
    [
     0.9999998194802766,
     1.2240508189326365e-08,
     1.6827921528847976e-07
    ],
    [
     1.6827586195206132e-07,
     1.3545331514856168e-09,
     0.9999998303696049
    ]
   ],
   [
    [
     5.692974018442967e-09,
     0.9999999935983291,
     7.086967170331568e-10
    ],
    [
     0.9999999268896771,
     5.691979261543657e-09,
     6.741834361556817e-08
    ],
    [
     6.741734885866215e-08,
     7.096914739337898e-10,
     0.9999999318729595
    ]
   ]
  ],
  "lams": [
   [
    0.2875056126643332,
    0.3796892397273973,
    0.8849371836215572
   ],
   [
    0.20483471238998338,
    0.3941498644229524,
    0.8997397429877313
   ],
   [
    0.11240763792899308,
    0.3947244386568321,
    0.9295274688997928
   ],
   [
    0.06481351063406139,
    0.3687335694057576,
    0.9598567841429705
   ],
   [
    0.035472723484196424,
    0.35307948909793946,
    0.973023873618698
   ],
   [
    0.023253051077065504,
    0.3403696218773639,
    0.9806563599061648
   ],
   [
    0.01574624558493251,
    0.333600776458307,
    0.984389283825016
   ],
   [
    0.012950218221033576,
    0.3251291579238346,
    0.987754817312279
   ],
   [
    0.01210948705638928,
    0.3184299603631463,
    0.9900004972724504
   ],
   [
    0.010840873335804873,
    0.3134542098639938,
    0.9918378484038841
   ],
   [
    0.009026953999215378,
    0.30973443678384727,
    0.9936763166497226
   ],
   [
    0.0072329873573660965,
    0.3071392670280532,
    0.995202571766016
   ],
   [
    0.005021087545948783,
    0.30587622152205657,
    0.9961943489121468
   ],
   [
    0.001399528236639835,
    0.30388871201131085,
    0.9979804362260384
   ],
   [
    0.0006418503465250042,
    0.3030038917233662,
    0.998561160202081
   ],
   [
    0.0008597551480909268,
    0.301986215123857,
    0.9988970989045536
   ],
   [
    0.0005764998088757297,
    0.30161736573282555,
    0.999060801809918
   ],
   [
    0.00022222641400296403,
    0.3013506946269589,
    0.999271872339795
   ],
   [
    9.545670567526047e-05,
    0.30099729448766954,
    0.9994816705763537
   ],
   [
    2.2739751439959467e-06,
    0.3006770017008944,
    0.9996765093520175
   ],
   [
    -1.702215899168193e-05,
    0.3004352400152431,
    0.9998012024581985
   ],
   [
    -1.0844421986272482e-05,
    0.3003098975436249,
    0.9998583660591386
   ],
   [
    -6.298964236108279e-06,
    0.30021351711268784,
    0.9999025568006087
   ],
   [
    -3.022053020904219e-08,
    0.3000983654530091,
    0.9999546667415703
   ]
  ]
 },
 "overlap_seed": {
  "r": [
   0.8055840474786496,
   2.416752142435949,
   4.027920237393248,
   5.639088332350548,
   7.250256427307846,
   8.861424522265146,
   10.472592617222446,
   12.083760712179744,
   13.694928807137044,
   15.306096902094342,
   16.917264997051642,
   18.528433092008942,
   20.139601186966242,
   21.75076928192354,
   23.36193737688084,
   24.97310547183814,
   26.58427356679544,
   28.19544166175274,
   29.80660975671004,
   31.417777851667335,
   33.02894594662463,
   34.64011404158194,
   36.25128213653923,
   37.86245023149654
  ],
  "O": [
   [
    [
     9.417134387931305e-31,
     0.9999999999999996,
     7.940911444589213e-32
    ],
    [
     1.0,
     9.98402083170343e-31,
     1.1124171358780674e-30
    ],
    [
     1.3589361687596336e-30,
     7.703719777548943e-32,
     0.9999999999999996
    ]
   ],
   [
    [
     9.796012759182981e-32,
     1.0,
     3.9642200972638544e-32
    ],
    [
     1.0,
     9.379278829165839e-32,
     4.785935911802281e-32
    ],
    [
     3.9963046346035144e-32,
     7.90985446690914e-32,
     1.0
    ]
   ],
   [
    [
     6.498651692360119e-32,
     1.0,
     1.5743543288246197e-32
    ],
    [
     1.0,
     8.801051955164927e-32,
     2.0777648865145086e-32
    ],
    [
     3.7954256624970785e-32,
     2.843496996707162e-32,
     0.9999999999999999
    ]
   ],
   [
    [
     5.317740600094672e-32,
     1.0,
     8.743999310561866e-33
    ],
    [
     1.0,
     5.944281408617288e-32,
     2.5064964578860723e-32
    ],
    [
     3.618467588934913e-32,
     2.079497516268639e-32,
     1.0
    ]
   ],
   [
    [
     3.9840735709751945e-32,
     1.0,
     9.646587599309607e-33
    ],
    [
     1.0,
     3.600935941797128e-32,
     2.2154700880535603e-32
    ],
    [
     2.1755200547476897e-32,
     1.8479955584910106e-32,
     1.0
    ]
   ],
   [
    [
     4.3696228238136997e-32,
     1.0,
     9.788581961337406e-33
    ],
    [
     1.0,
     5.047164725942764e-32,
     2.1395509494432485e-32
    ],
    [
     3.7351003858959955e-32,
     2.0205189520981461e-32,
     1.0
    ]
   ],
   [
    [
     4.424044720096031e-32,
     1.0,
     1.0340231863993787e-32
    ],
    [
     1.0,
     5.132709903080418e-32,
     2.2637849611996682e-32
    ],
    [
     2.573923643019074e-32,
     2.1174058461575708e-32,
     1.0
    ]
   ],
   [
    [
     4.8908081057249315e-32,
     1.0,
     9.239414570692545e-33
    ],
    [
     1.0,
     5.070935024972704e-32,
     2.1326464250847992e-32
    ],
    [
     2.8113569770198235e-32,
     1.8561650129427696e-32,
     1.0
    ]
   ],
   [
    [
     4.48932899061532e-32,
     1.0,
     9.23114027232721e-33
    ],
    [
     1.0,
     4.0323404269349823e-32,
     2.0362549485989214e-32
    ],
    [
     3.049687188719706e-32,
     1.8792703235436105e-32,
     1.0
    ]
   ],
   [
    [
     4.172009479838959e-32,
     1.0,
     7.600880908904919e-33
    ],
    [
     1.0,
     4.5149362571071206e-32,
     1.9160635000000062e-32
    ],
    [
     2.79448488352833e-32,
     2.1108679423257322e-32,
     1.0
    ]
   ],
   [
    [
     4.821906405386136e-32,
     1.0,
     8.558387461180756e-33
    ],
    [
     1.0,
     5.022861440247694e-32,
     2.21765138508713e-32
    ],
    [
     2.9998592389698006e-32,
     2.1464987053718324e-32,
     1.0
    ]
   ],
   [
    [
     4.166836721621647e-32,
     1.0,
     8.696440739019453e-33
    ],
    [
     1.0,
     5.075822564631857e-32,
     2.22942121314499e-32
    ],
    [
     3.023924764819543e-32,
     2.0131438148597618e-32,
     1.0
    ]
   ],
   [
    [
     4.3697795355863556e-32,
     1.0,
     8.632327484775582e-33
    ],
    [
     1.0,
     4.7102825586349983e-32,
     2.037199401673498e-32
    ],
    [
     2.6524149605501346e-32,
     2.107195321882034e-32,
     1.0
    ]
   ],
   [
    [
     4.2762453333005165e-32,
     1.0,
     9.518026474451761e-33
    ],
    [
     1.0,
     4.60575012165801e-32,
     2.0315117499792436e-32
    ],
    [
     2.773079127313833e-32,
     1.9310008680875213e-32,
     1.0
    ]
   ],
   [
    [
     4.561925164573771e-32,
     1.0,
     8.4788393605492e-33
    ],
    [
     1.0,
     5.179711216713473e-32,
     2.2029646221302485e-32
    ],
    [
     3.041528683208039e-32,
     2.0160972030317828e-32,
     1.0
    ]
   ],
   [
    [
     4.730536906004974e-32,
     1.0,
     8.73114623191124e-33
    ],
    [
     1.0,
     5.103992064225943e-32,
     2.1853620459487388e-32
    ],
    [
     2.967888245437205e-32,
     2.0545593942933503e-32,
     1.0
    ]
   ],
   [
    [
     5.398865956513139e-32,
     1.0,
     8.822947124257221e-33
    ],
    [
     1.0,
     5.870461911114181e-32,
     2.4234472793402838e-32
    ],
    [
     3.1381998595694254e-32,
     2.129107680027383e-32,
     1.0
    ]
   ],
   [
    [
     6.059761195526746e-32,
     1.0,
     9.279389492633287e-33
    ],
    [
     1.0,
     6.958375763500498e-32,
     2.3285066634935588e-32
    ],
    [
     2.968192865830999e-32,
     2.3594496808240504e-32,
     1.0
    ]
   ],
   [
    [
     7.010916174485218e-32,
     1.0,
     9.783081313337497e-33
    ],
    [
     1.0,
     7.110311401773054e-32,
     2.1516743357029736e-32
    ],
    [
     2.898418099051702e-32,
     2.2250083519744433e-32,
     1.0
    ]
   ],
   [
    [
     6.525910489511993e-32,
     1.0,
     8.947517038258828e-33
    ],
    [
     1.0,
     6.522875455564967e-32,
     2.3001649346520774e-32
    ],
    [
     2.90120306837665e-32,
     2.4642121043949888e-32,
     1.0
    ]
   ],
   [
    [
     7.541716344944248e-32,
     1.0,
     1.1091934242171053e-32
    ],
    [
     1.0,
     7.179846323279656e-32,
     2.2114463728884108e-32
    ],
    [
     2.9845828463070127e-32,
     2.823855562841999e-32,
     1.0
    ]
   ],
   [
    [
     7.565389427463867e-32,
     1.0,
     1.3457268632592963e-32
    ],
    [
     1.0,
     7.657664931052727e-32,
     1.9421189207313603e-32
    ],
    [
     2.601959266895335e-32,
     3.3641669764077185e-32,
     1.0
    ]
   ],
   [
    [
     8.51499368192601e-32,
     1.0,
     1.2828844167974847e-32
    ],
    [
     1.0,
     6.49875174613646e-32,
     1.6491273234146152e-32
    ],
    [
     2.146415717330878e-32,
     2.8084043271809456e-32,
     1.0
    ]
   ],
   [
    [
     8.341726565142399e-32,
     1.0,
     1.8880670659738023e-32
    ],
    [
     1.0,
     8.499387551588327e-32,
     2.042060645511481e-32
    ],
    [
     2.396201793494328e-32,
     3.5471605244385804e-32,
     1.0
    ]
   ]
  ],
  "lams": [
   [
    0.41348955525331504,
    0.4272275554625585,
    0.45928288928412664
   ],
   [
    0.29389375205117807,
    0.39042884678497697,
    0.6156774011638444
   ],
   [
    0.15062105293783942,
    0.34634493936549055,
    0.8030340076966717
   ],
   [
    0.05956588739373938,
    0.31832796535191915,
    0.92210614725434
   ],
   [
    0.01632305677920651,
    0.30502247900898655,
    0.9786544642118064
   ],
   [
    0.003119597556349377,
    0.300959876171183,
    0.9959205262724642
   ],
   [
    0.0004943376464793138,
    0.3001521038912259,
    0.9993535584622909
   ],
   [
    5.492342603043585e-05,
    0.30001689951569765,
    0.9999281770582639
   ],
   [
    4.434297785499825e-06,
    0.300001364399318,
    0.9999942013029012
   ],
   [
    2.600421481499464e-07,
    0.3000000800129667,
    0.999999659944889
   ],
   [
    1.0511767398063256e-08,
    0.3000000032343947,
    0.9999999862538407
   ],
   [
    3.4490295125758577e-10,
    0.3000000001061346,
    0.9999999995489677
   ],
   [
    7.407334017125373e-12,
    0.30000000000227633,
    0.9999999999903446
   ],
   [
    1.2533585133272143e-13,
    0.300000000000069,
    0.9999999999998951
   ],
   [
    1.3784995216627497e-15,
    0.3000000000000503,
    1.0
   ],
   [
    8.496679334640933e-18,
    0.3000000000000503,
    1.0
   ],
   [
    3.123722782901538e-18,
    0.3000000000000378,
    1.0
   ],
   [
    1.1554256760308265e-18,
    0.30000000000001714,
    1.0
   ],
   [
    1.5522417169903939e-18,
    0.2999999999999919,
    1.0
   ],
   [
    4.5536693614768495e-19,
    0.29999999999997073,
    1.0
   ],
   [
    2.7905353002145484e-18,
    0.2999999999999777,
    1.0
   ],
   [
    1.0889504053490817e-17,
    0.2999999999999959,
    1.0
   ],
   [
    -1.2629518509051806e-17,
    0.30000000000000643,
    1.0
   ],
   [
    -1.465257994226632e-17,
    0.3000000000000007,
    1.0
   ]
  ]
 },
 "stop": "max_iter",
 "trace": [
  {
   "it": 4500,
   "E": 34.60525096291139,
   "E_u": 34.38105873162412,
   "E_v": 0.22419223128727037,
   "fmax": 0.29263850488567145,
   "dt": 0.042447008072657576
  },
  {
   "it": 5000,
   "E": 34.49363320662884,
   "E_u": 34.279996596619505,
   "E_v": 0.21363661000933848,
   "fmax": 0.005043060914564173,
   "dt": 0.044362581617435747
  },
  {
   "it": 5500,
   "E": 34.39424534234178,
   "E_u": 34.18964043552183,
   "E_v": 0.20460490681995439,
   "fmax": 0.005118013939248366,
   "dt": 0.05610116877302269
  },
  {
   "it": 6000,
   "E": 34.3078734535673,
   "E_u": 34.11059675808369,
   "E_v": 0.1972766954836104,
   "fmax": 0.09695052804747098,
   "dt": 0.07094585172793866
  },
  {
   "it": 6500,
   "E": 34.23041716386418,
   "E_u": 34.03920675310466,
   "E_v": 0.1912104107595255,
   "fmax": 0.045593659851183826,
   "dt": 0.022429630199714404
  },
  {
   "it": 7000,
   "E": 34.16488825581,
   "E_u": 33.978431538556336,
   "E_v": 0.18645671725366364,
   "fmax": 0.006576798218551945,
   "dt": 0.021310770675424615
  },
  {
   "it": 7500,
   "E": 34.105158140635304,
   "E_u": 33.92274666837662,
   "E_v": 0.18241147225868315,
   "fmax": 0.024431762995789325,
   "dt": 0.02694971975831293
  },
  {
   "it": 8000,
   "E": 34.05304523251117,
   "E_u": 33.87396547690869,
   "E_v": 0.1790797556024812,
   "fmax": 0.003783103493545522,
   "dt": 0.03408076629951022
  }
 ],
 "wall_s": 1236.2862010002136,
 "wscale": 0.000724023879
}