{
 "gates": {
  "g0_rand_relerr_max": 1.2254700108192247e-15,
  "g0_seed_relerr_max": 5.203198615952773e-14,
  "g1_so3_relerr": 7.573327368796891e-16,
  "g1_negctrl_relshift": 0.04039952457362521,
  "g2_vac_E": 0.0,
  "g3_far_lams_A": [
   1.332994179908477e-07,
   0.3000000410151855,
   0.9999998256853874
  ],
  "g3_axis_center_A": {
   "core_lams": [
    0.35346818268701413,
    0.40875944082677407,
    0.5377723764862121
   ],
   "core_spread": 0.184304193799198,
   "axis_lams": [
    0.006136031486296923,
    0.3018880096880914,
    0.9919759588256114
   ]
  },
  "g3_far_lams_B": [
   1.3329941799139014e-07,
   0.3000000410151855,
   0.9999998256853874
  ],
  "g3_axis_center_B": {
   "core_lams": [
    0.35346818268701413,
    0.40875944082677357,
    0.5377723764862121
   ],
   "core_spread": 0.184304193799198,
   "axis_lams": [
    0.006136031486296931,
    0.30188800968809143,
    0.9919759588256113
   ]
  },
  "g3_far_lams_C": [
   1.3329941798978133e-07,
   0.3000000410151855,
   0.9999998256853874
  ],
  "g3_axis_center_C": {
   "core_lams": [
    0.353468182687014,
    0.4087594408267738,
    0.537772376486212
   ],
   "core_spread": 0.184304193799198,
   "axis_lams": [
    0.006136031486296935,
    0.30188800968809143,
    0.9919759588256113
   ]
  },
  "g0_pass": true,
  "g1_pass": true,
  "g2_pass": true
 },
 "ladder": {
  "n64_d0.1_pinned": {
   "n": 64,
   "delta": 0.1,
   "bc": "pinned",
   "iters": 800,
   "ret_seed": 1.0,
   "ret_end": 0.9681052547981044,
   "ret_per_eig_end": [
    0.9546814913723536,
    0.9630989628344429,
    0.9865353101875167
   ],
   "E_seed": 20.59726023788884,
   "E_end": 7.6047329933379775,
   "u_over_3v_end": 0.8152497552397187,
   "core_end": {
    "core_lams": [
     0.2367744380369863,
     0.5701013219619225,
     0.7350354343754273
    ],
    "core_spread": 0.498260996338441,
    "axis_lams": [
     0.37540589959985726,
     0.5922692425039017,
     0.6531942716332502
    ]
   },
   "stop": "max_iter",
   "wall_s": 298.3485469818115
  },
  "n64_d0.03_pinned": {
   "n": 64,
   "delta": 0.03,
   "bc": "pinned",
   "iters": 800,
   "ret_seed": 1.0,
   "ret_end": 0.9742014474747046,
   "ret_per_eig_end": [
    0.9614198910554678,
    0.9625441726697651,
    0.9986402786988806
   ],
   "E_seed": 23.192127866745984,
   "E_end": 8.898908674654301,
   "u_over_3v_end": 0.737383557036208,
   "core_end": {
    "core_lams": [
     0.37900357362153814,
     0.5364491506932596,
     0.6695529365217707
    ],
    "core_spread": 0.2905493629002326,
    "axis_lams": [
     0.3432512883238332,
     0.44314333648581816,
     0.7497974895015954
    ]
   },
   "stop": "max_iter",
   "wall_s": 273.29832100868225
  },
  "n64_d0.1_free": {
   "n": 64,
   "delta": 0.1,
   "bc": "free",
   "iters": 800,
   "ret_seed": 1.0,
   "ret_end": 0.9703507538317343,
   "ret_per_eig_end": [
    0.9586999548851333,
    0.967660027714784,
    0.9846922788952859
   ],
   "E_seed": 20.59726023788884,
   "E_end": 7.416960921919356,
   "u_over_3v_end": 0.7822465926673168,
   "core_end": {
    "core_lams": [
     0.23698820276067958,
     0.5722513096871158,
     0.7332538664735061
    ],
    "core_spread": 0.49626566371282654,
    "axis_lams": [
     0.3890626833816097,
     0.5849481243868181,
     0.6513778420638849
    ]
   },
   "stop": "max_iter",
   "wall_s": 297.04821705818176
  },
  "n32_d0.03_pinned": {
   "n": 32,
   "delta": 0.03,
   "bc": "pinned",
   "iters": 800,
   "ret_seed": 1.0,
   "ret_end": 0.6300564038698667,
   "ret_per_eig_end": [
    0.47542634992746124,
    0.4571548451933811,
    0.9575880164887579
   ],
   "E_seed": 20.74397197187705,
   "E_end": 7.5317666303756825,
   "u_over_3v_end": 1.1794862443764442,
   "core_end": {
    "core_lams": [
     0.43569014412444595,
     0.5026905984257407,
     0.6591841437212825
    ],
    "core_spread": 0.22349399959683658,
    "axis_lams": [
     0.16943991663829366,
     0.18702521233220004,
     0.9224324556454425
    ]
   },
   "stop": "max_iter",
   "wall_s": 34.34063506126404
  },
  "n48_d0.03_pinned": {
   "n": 48,
   "delta": 0.03,
   "bc": "pinned",
   "iters": 800,
   "ret_seed": 1.0,
   "ret_end": 0.7771467874826161,
   "ret_per_eig_end": [
    0.6724321877952463,
    0.6701803494017439,
    0.988827825250858
   ],
   "E_seed": 22.37302657235453,
   "E_end": 8.092283211452104,
   "u_over_3v_end": 0.7212964732034494,
   "core_end": {
    "core_lams": [
     0.40258934925166784,
     0.5193864366060275,
     0.6616452348081475
    ],
    "core_spread": 0.2590558855564797,
    "axis_lams": [
     0.28149934650466796,
     0.40131936993171563,
     0.8013581297220294
    ]
   },
   "stop": "max_iter",
   "wall_s": 114.72617697715759
  },
  "n48_d0.3_free": {
   "n": 48,
   "delta": 0.3,
   "bc": "free",
   "iters": 800,
   "ret_seed": 1.0,
   "ret_end": 0.9165652060776569,
   "ret_per_eig_end": [
    0.9237031380208642,
    0.9364965680683862,
    0.8894959121437203
   ],
   "E_seed": 17.81071722331168,
   "E_end": 2.1221505443412436,
   "u_over_3v_end": 0.7817404950201828,
   "core_end": {
    "core_lams": [
     -0.021107668004999365,
     0.7034793829353652,
     0.7916595770601839
    ],
    "core_spread": 0.8127672450651833,
    "axis_lams": [
     -0.04503301521076232,
     0.6979938362648612,
     0.8055313242443409
    ]
   },
   "stop": "max_iter",
   "wall_s": 115.05500793457031
  },
  "n32_d0.3_pinned": {
   "n": 32,
   "delta": 0.3,
   "bc": "pinned",
   "iters": 800,
   "ret_seed": 1.0,
   "ret_end": 0.8584111388039185,
   "ret_per_eig_end": [
    0.8541633477212643,
    0.8261553204920077,
    0.8949147481984837
   ],
   "E_seed": 15.756899330830358,
   "E_end": 5.002576889182353,
   "u_over_3v_end": 1.6380550441086927,
   "core_end": {
    "core_lams": [
     0.3741813594885694,
     0.5665746824768926,
     0.7582774968038433
    ],
    "core_spread": 0.38409613731527387,
    "axis_lams": [
     0.3864322900840085,
     0.5739619095901017,
     0.747270111140389
    ]
   },
   "stop": "max_iter",
   "wall_s": 33.7688250541687
  },
  "n32_d0.3_free": {
   "n": 32,
   "delta": 0.3,
   "bc": "free",
   "iters": 800,
   "ret_seed": 1.0,
   "ret_end": 0.7707957481103446,
   "ret_per_eig_end": [
    0.832864157346848,
    0.7776609861591424,
    0.7018621008250436
   ],
   "E_seed": 15.756899330830358,
   "E_end": 0.21938895559759314,
   "u_over_3v_end": 0.029064368192288293,
   "core_end": {
    "core_lams": [
     -0.2197043195058624,
     0.6993332575856294,
     0.8285423130314367
    ],
    "core_spread": 1.048246632537299,
    "axis_lams": [
     -0.22587286507709092,
     0.6740782781166117,
     0.8523168963459078
    ]
   },
   "stop": "max_iter",
   "wall_s": 33.776134967803955
  },
  "n48_d0.3_pinned": {
   "n": 48,
   "delta": 0.3,
   "bc": "pinned",
   "iters": 800,
   "ret_seed": 1.0,
   "ret_end": 0.9201946606915138,
   "ret_per_eig_end": [
    0.9085690122678217,
    0.9418278524063942,
    0.9101871174003251
   ],
   "E_seed": 17.81071722331168,
   "E_end": 4.994916289773366,
   "u_over_3v_end": 0.9704334713078321,
   "core_end": {
    "core_lams": [
     0.22594500309844873,
     0.5727824050993987,
     0.8162641012235323
    ],
    "core_spread": 0.5903190981250837,
    "axis_lams": [
     0.42952764433068186,
     0.6167637729752761,
     0.6966660260129619
    ]
   },
   "stop": "max_iter",
   "wall_s": 115.52577996253967
  },
  "n64_d0.3_free": {
   "n": 64,
   "delta": 0.3,
   "bc": "free",
   "iters": 800,
   "ret_seed": 1.0,
   "ret_end": 0.9451022465422195,
   "ret_per_eig_end": [
    0.934964756000379,
    0.9608001502499897,
    0.9395418333762897
   ],
   "E_seed": 19.16860606572431,
   "E_end": 3.4505195076448154,
   "u_over_3v_end": 1.029156812884932,
   "core_end": {
    "core_lams": [
     0.13288424518259126,
     0.6686252901258924,
     0.7836786220549385
    ],
    "core_spread": 0.6507943768723473,
    "axis_lams": [
     0.2624505738334908,
     0.6856392707411887,
     0.7220085121890074
    ]
   },
   "stop": "max_iter",
   "wall_s": 275.5007531642914
  },
  "n48_d0.1_free": {
   "n": 48,
   "delta": 0.1,
   "bc": "free",
   "iters": 800,
   "ret_seed": 1.0,
   "ret_end": 0.9297295542266406,
   "ret_per_eig_end": [
    0.9395356233396716,
    0.9336400491702123,
    0.9160129901700378
   ],
   "E_seed": 19.846471649554672,
   "E_end": 4.925804716849564,
   "u_over_3v_end": 0.6647510049860865,
   "core_end": {
    "core_lams": [
     0.07344389474424626,
     0.597284814552275,
     0.7778009105976411
    ],
    "core_spread": 0.7043570158533948,
    "axis_lams": [
     -0.005322674423042652,
     0.599693445746561,
     0.8254143429820262
    ]
   },
   "stop": "max_iter",
   "wall_s": 114.6618139743805
  },
  "n32_d0.1_pinned": {
   "n": 32,
   "delta": 0.1,
   "bc": "pinned",
   "iters": 800,
   "ret_seed": 1.0,
   "ret_end": 0.7419460969869895,
   "ret_per_eig_end": [
    0.6572762189103399,
    0.6320590297765826,
    0.9365030422740461
   ],
   "E_seed": 18.36709218866364,
   "E_end": 6.61390918175077,
   "u_over_3v_end": 1.2479937550957552,
   "core_end": {
    "core_lams": [
     0.4236563434823051,
     0.5088230975941344,
     0.6833609258665875
    ],
    "core_spread": 0.2597045823842824,
    "axis_lams": [
     0.26205543395186437,
     0.3310252575319729,
     0.8586965426109439
    ]
   },
   "stop": "max_iter",
   "wall_s": 33.59685921669006
  },
  "n48_d0.1_pinned": {
   "n": 48,
   "delta": 0.1,
   "bc": "pinned",
   "iters": 800,
   "ret_seed": 1.0,
   "ret_end": 0.9088431329429055,
   "ret_per_eig_end": [
    0.8805301681384549,
    0.8866957315549764,
    0.9593034991352852
   ],
   "E_seed": 19.846471649554672,
   "E_end": 7.017258700834141,
   "u_over_3v_end": 0.7917161404548233,
   "core_end": {
    "core_lams": [
     0.208603911701861,
     0.5349981514744956,
     0.7730327908264639
    ],
    "core_spread": 0.5644288791246029,
    "axis_lams": [
     0.26810051313173194,
     0.5485569502427824,
     0.7494193968382622
    ]
   },
   "stop": "max_iter",
   "wall_s": 114.42711210250854
  },
  "n64_d0.3_pinned": {
   "n": 64,
   "delta": 0.3,
   "bc": "pinned",
   "iters": 800,
   "ret_seed": 1.0,
   "ret_end": 0.9294148479474993,
   "ret_per_eig_end": [
    0.9128120011465383,
    0.9332497615078134,
    0.942182781188146
   ],
   "E_seed": 19.16860606572431,
   "E_end": 5.1004356436054445,
   "u_over_3v_end": 1.1154117959850862,
   "core_end": {
    "core_lams": [
     0.23879424221497833,
     0.608140684065722,
     0.7862934744623491
    ],
    "core_spread": 0.5474992322473707,
    "axis_lams": [
     0.4993138046661937,
     0.5611209131687491,
     0.7140559629140952
    ]
   },
   "stop": "max_iter",
   "wall_s": 277.6176619529724
  },
  "n48_d0.03_free": {
   "n": 48,
   "delta": 0.03,
   "bc": "free",
   "iters": 800,
   "ret_seed": 1.0,
   "ret_end": 0.8706380944166862,
   "ret_per_eig_end": [
    0.8222981198973711,
    0.8223240349772261,
    0.9672921283754614
   ],
   "E_seed": 22.37302657235453,
   "E_end": 6.829617271159734,
   "u_over_3v_end": 0.5310827661464934,
   "core_end": {
    "core_lams": [
     0.35784917555997797,
     0.5446537006221945,
     0.6782386633657732
    ],
    "core_spread": 0.32038948780579524,
    "axis_lams": [
     0.3408119733296396,
     0.607644148473258,
     0.6511936003808646
    ]
   },
   "stop": "max_iter",
   "wall_s": 115.45127391815186
  },
  "n32_d0.03_free": {
   "n": 32,
   "delta": 0.03,
   "bc": "free",
   "iters": 800,
   "ret_seed": 1.0,
   "ret_end": 0.6286598073993489,
   "ret_per_eig_end": [
    0.688355436064258,
    0.5315532177147665,
    0.666070768419022
   ],
   "E_seed": 20.74397197187705,
   "E_end": 0.5182780094476412,
   "u_over_3v_end": 0.052159915746651714,
   "core_end": {
    "core_lams": [
     0.011267677030234114,
     0.4250131529024196,
     0.8335916146575011
    ],
    "core_spread": 0.822323937627267,
    "axis_lams": [
     0.05589098392302216,
     0.4391163992736568,
     0.8376160561954867
    ]
   },
   "stop": "max_iter",
   "wall_s": 34.53598475456238
  },
  "n32_d0.1_free": {
   "n": 32,
   "delta": 0.1,
   "bc": "free",
   "iters": 800,
   "ret_seed": 1.0,
   "ret_end": 0.7091356601524388,
   "ret_per_eig_end": [
    0.7638005775296032,
    0.6663291025489682,
    0.6972773003787452
   ],
   "E_seed": 18.36709218866364,
   "E_end": 0.41952431135782065,
   "u_over_3v_end": 0.04178498959888017,
   "core_end": {
    "core_lams": [
     -0.19711393591523288,
     0.6875807668616201,
     0.770571898669585
    ],
    "core_spread": 0.9676858345848178,
    "axis_lams": [
     -0.25964106668671033,
     0.45078589292935656,
     0.9356430855428245
    ]
   },
   "stop": "max_iter",
   "wall_s": 33.6195011138916
  },
  "n64_d0.03_free": {
   "n": 64,
   "delta": 0.03,
   "bc": "free",
   "iters": 800,
   "ret_seed": 1.0,
   "ret_end": 0.9687899200583825,
   "ret_per_eig_end": [
    0.9534462413624322,
    0.9552654920999724,
    0.9976580267127432
   ],
   "E_seed": 23.192127866745984,
   "E_end": 8.728577882850887,
   "u_over_3v_end": 0.7187950396896909,
   "core_end": {
    "core_lams": [
     0.3589669651315082,
     0.5389471438855212,
     0.6794180282444265
    ],
    "core_spread": 0.3204510631129183,
    "axis_lams": [
     0.3631451043175433,
     0.4816759364895306,
     0.7175785506849618
    ]
   },
   "stop": "max_iter",
   "wall_s": 273.4998850822449
  }
 },
 "scan": {
  "C_pinned": {
   "seed": "C",
   "n": 48,
   "delta": 0.3,
   "bc": "pinned",
   "E_end": 5.600229032055729,
   "E_u": 5.499958143128507,
   "E_v": 0.10027088892722216,
   "u_over_3v": 18.28366538540893,
   "r_half": 20.850659461993043,
   "retention": {
    "per_eig": [
     0.3960460299015158,
     0.37152072281104925,
     0.8859643600384831
    ],
    "mean": 0.5511770375836827
   },
   "core": {
    "core_lams": [
     -0.008010204062402843,
     0.3313581071581911,
     0.9736004732169784
    ],
    "core_spread": 0.9816106772793812,
    "axis_lams": [
     -0.17453303903130776,
     0.7077156572971025,
     0.8175212231148568
    ]
   },
   "overlap_end": {
    "r": [
     0.8055840474786496,
     2.416752142435949,
     4.027920237393248,
     5.639088332350548,
     7.250256427307846,
     8.861424522265146,
     10.472592617222446,
     12.083760712179744,
     13.694928807137044,
     15.306096902094342,
     16.917264997051642,
     18.528433092008942,
     20.139601186966242,
     21.75076928192354,
     23.36193737688084,
     24.97310547183814,
     26.58427356679544,
     28.19544166175274,
     29.80660975671004,
     31.417777851667335,
     33.02894594662463,
     34.64011404158194,
     36.25128213653923,
     37.86245023149654
    ],
    "O": [
     [
      [
       0.33382596314495055,
       3.322466596396747e-08,
       0.6661740036303834
      ],
      [
       0.34312564156732944,
       0.484801941358893,
       0.17207241707377757
      ],
      [
       0.32304839528772034,
       0.5151980254164409,
       0.161753579295839
      ]
     ],
     [
      [
       0.3428825166122292,
       0.04737096128715859,
       0.609746522100612
      ],
      [
       0.5146893970280032,
       0.16703815825714763,
       0.31827244471484895
      ],
      [
       0.14242808635976745,
       0.7855908804556937,
       0.07198103318453883
      ]
     ],
     [
      [
       0.36532561018201953,
       0.02715395926687225,
       0.607520430551108
      ],
      [
       0.5148533868856057,
       0.16518605879532763,
       0.3199605543190666
      ],
      [
       0.11982100293237469,
       0.8076599819377999,
       0.07251901512982517
      ]
     ],
     [
      [
       0.3781049383549622,
       0.010834475223053818,
       0.611060586421984
      ],
      [
       0.48256532415515174,
       0.1923333384313147,
       0.32510133741353353
      ],
      [
       0.13932973748988609,
       0.7968321863456316,
       0.06383807616448245
      ]
     ],
     [
      [
       0.4089868693453195,
       0.060749372901087485,
       0.5302637577535929
      ],
      [
       0.44063485681963865,
       0.15728672734332724,
       0.4020784158370341
      ],
      [
       0.15037827383504185,
       0.7819638997555852,
       0.06765782640937287
      ]
     ],
     [
      [
       0.38415761128812415,
       0.02926804043038273,
       0.5865743482814931
      ],
      [
       0.5112142515766539,
       0.13602686172674688,
       0.3527588866965992
      ],
      [
       0.10462813713522201,
       0.8347050978428703,
       0.06066676502190758
      ]
     ],
     [
      [
       0.39143080916171213,
       0.031367835126325995,
       0.5772013557119618
      ],
      [
       0.5167718020880676,
       0.12026498819774209,
       0.3629632097141903
      ],
      [
       0.09179738875022021,
       0.8483671766759319,
       0.05983543457384789
      ]
     ],
     [
      [
       0.3723514862728699,
       0.02391412270220988,
       0.6037343910249202
      ],
      [
       0.5538957189906599,
       0.1033149223218446,
       0.34278935868749555
      ],
      [
       0.0737527947364702,
       0.8727709549759456,
       0.053476250287584244
      ]
     ],
     [
      [
       0.3825225527320771,
       0.02740728956983749,
       0.5900701576980855
      ],
      [
       0.563917858393237,
       0.07044819665960488,
       0.365633944947158
      ],
      [
       0.0535595888746858,
       0.9021445137705576,
       0.04429589735475655
      ]
     ],
     [
      [
       0.42610123284685963,
       0.020131719254146828,
       0.5537670478989933
      ],
      [
       0.5357287478255962,
       0.06084155981663918,
       0.4034296923577647
      ],
      [
       0.03817001932754418,
       0.9190267209292139,
       0.04280325974324183
      ]
     ],
     [
      [
       0.4082869045972478,
       0.019969538497782043,
       0.57174355690497
      ],
      [
       0.5641341895233389,
       0.046582339723182126,
       0.3892834707534789
      ],
      [
       0.027578905879413203,
       0.9334481217790357,
       0.03897297234155098
      ]
     ],
     [
      [
       0.42639736295291314,
       0.019308235383150053,
       0.5542944016639368
      ],
      [
       0.5498679787957084,
       0.037175371380891095,
       0.4129566498234005
      ],
      [
       0.023734658251378445,
       0.9435163932359589,
       0.032748948512662704
      ]
     ],
     [
      [
       0.48902889547392786,
       0.01752634761762443,
       0.4934447569084477
      ],
      [
       0.49321801153584355,
       0.031175723083130373,
       0.47560626538102596
      ],
      [
       0.0177530929902285,
       0.9512979292992452,
       0.030948977710526297
      ]
     ],
     [
      [
       0.6294210263972462,
       0.0166407688559994,
       0.35393820474675447
      ],
      [
       0.35674972314427866,
       0.02275427594783615,
       0.6204960009078851
      ],
      [
       0.013829250458475236,
       0.9606049551961644,
       0.025565794345360313
      ]
     ],
     [
      [
       0.7465952603439365,
       0.011676370467836572,
       0.24172836918822682
      ],
      [
       0.24234471497218502,
       0.01832895962480896,
       0.7393263254030061
      ],
      [
       0.011060024683878344,
       0.9699946699073544,
       0.01894530540876719
      ]
     ],
     [
      [
       0.8114312059591856,
       0.006543813764383985,
       0.18202498027643044
      ],
      [
       0.17896570106423762,
       0.01391191397476272,
       0.8071223849609996
      ],
      [
       0.009603092976576811,
       0.9795442722608534,
       0.01085263476256989
      ]
     ],
     [
      [
       0.8772366798250177,
       0.0033943538401323657,
       0.1193689663348499
      ],
      [
       0.11595387446647844,
       0.009074964682317856,
       0.8749711608512037
      ],
      [
       0.0068094457085038414,
       0.98753068147755,
       0.0056598728139463815
      ]
     ],
     [
      [
       0.919746572022684,
       0.0040130079832973575,
       0.07624041999401862
      ],
      [
       0.07390130817587989,
       0.007523589816354784,
       0.9185751020077653
      ],
      [
       0.006352119801436095,
       0.9884634022003477,
       0.005184477998216047
      ]
     ],
     [
      [
       0.9410261308263927,
       0.005426095463840906,
       0.05354777370976641
      ],
      [
       0.05274265146408835,
       0.005856391262497731,
       0.9414009572734139
      ],
      [
       0.00623121770951897,
       0.9887175132736614,
       0.005051269016819669
      ]
     ],
     [
      [
       0.959571374181186,
       0.0032486690109300815,
       0.037179956807884045
      ],
      [
       0.034871423226107146,
       0.006289432614817134,
       0.9588391441590756
      ],
      [
       0.0055572025927069875,
       0.9904618983742528,
       0.003980899033040232
      ]
     ],
     [
      [
       0.9742310010811426,
       0.0011981442840167341,
       0.024570854634840676
      ],
      [
       0.023605599400325264,
       0.0023635348618564027,
       0.9740308657378183
      ],
      [
       0.00216339951853215,
       0.9964383208541268,
       0.0013982796273409866
      ]
     ],
     [
      [
       0.9857365864885144,
       0.0006476764300637301,
       0.01361573708142184
      ],
      [
       0.013223114974292242,
       0.0010138503951917348,
       0.9857630346305161
      ],
      [
       0.001040298537193332,
       0.9983384731747446,
       0.0006212282880621309
      ]
     ],
     [
      [
       0.9954275996736697,
       0.0002755704384705533,
       0.0042968298878599135
      ],
      [
       0.004195062105790021,
       0.00035892973092125014,
       0.9954460081632888
      ],
      [
       0.00037733822054044594,
       0.9993654998306082,
       0.000257161948851357
      ]
     ],
     [
      [
       0.9996369502766022,
       3.2871276196467455e-05,
       0.0003301784472013918
      ],
      [
       0.000328686602649496,
       2.5738076867788976e-05,
       0.9996455753204828
      ],
      [
       3.436312074836366e-05,
       0.9999413906469358,
       2.4246232315893087e-05
      ]
     ]
    ],
    "lams": [
     [
      -0.1763359423165965,
      0.695801141954015,
      0.829373578120965
     ],
     [
      -0.018333619631141624,
      0.3394272002459891,
      0.9762235695962542
     ],
     [
      -0.030238681401144375,
      0.34873118945002524,
      0.9778516903273864
     ],
     [
      -0.02228719851232536,
      0.33847641729168104,
      0.9819984895248728
     ],
     [
      -0.02862627858692495,
      0.3398719088754233,
      0.9859413419817861
     ],
     [
      -0.0270654930995111,
      0.3344175725398772,
      0.9887992103289623
     ],
     [
      -0.01928610156083327,
      0.32752215318106215,
      0.9905702018987516
     ],
     [
      -0.02189592795557951,
      0.33313204754986486,
      0.9895590769354197
     ],
     [
      -0.01954146379059669,
      0.3235739726943421,
      0.992850764103016
     ],
     [
      -0.014542293910506638,
      0.3187978835769534,
      0.9936889462970304
     ],
     [
      -0.011329785011294875,
      0.3171997012521168,
      0.994325228719123
     ],
     [
      0.0027177135315731567,
      0.3015810510670154,
      0.9970259699541275
     ],
     [
      0.016801912402342915,
      0.286860672035983,
      0.9985739762594802
     ],
     [
      0.02594169219197433,
      0.27688465347847857,
      1.0005473578309652
     ],
     [
      0.023900275177939637,
      0.2744151937795096,
      1.0019210490914072
     ],
     [
      0.02601527993742152,
      0.27693321654440445,
      1.0012614984386734
     ],
     [
      0.025740678389362684,
      0.2774765018724213,
      1.0013856421062661
     ],
     [
      0.021725304806321802,
      0.28143378152709647,
      1.0011954033102581
     ],
     [
      0.01620443019242045,
      0.2871171381749697,
      1.0006553139054983
     ],
     [
      0.012672732478396554,
      0.29026013754219665,
      1.0005943898137413
     ],
     [
      0.010647731626695021,
      0.2914038183738896,
      1.0006873624530832
     ],
     [
      0.009490785093494929,
      0.2919419269661183,
      1.0007498511207522
     ],
     [
      0.00704665244892202,
      0.2941701300684591,
      1.0005295091557056
     ],
     [
      0.0026766303533757225,
      0.298333664305395,
      1.0000470990675927
     ]
    ]
   },
   "overlap_seed": {
    "r": [
     0.8055840474786496,
     2.416752142435949,
     4.027920237393248,
     5.639088332350548,
     7.250256427307846,
     8.861424522265146,
     10.472592617222446,
     12.083760712179744,
     13.694928807137044,
     15.306096902094342,
     16.917264997051642,
     18.528433092008942,
     20.139601186966242,
     21.75076928192354,
     23.36193737688084,
     24.97310547183814,
     26.58427356679544,
     28.19544166175274,
     29.80660975671004,
     31.417777851667335,
     33.02894594662463,
     34.64011404158194,
     36.25128213653923,
     37.86245023149654
    ],
    "O": [
     [
      [
       0.9999999999999998,
       4.437342591868191e-31,
       7.398652474358005e-30
      ],
      [
       6.807006795442246e-30,
       0.0,
       1.0
      ],
      [
       4.7533919723044635e-31,
       0.9999999999999987,
       1.9386358851887744e-34
      ]
     ],
     [
      [
       1.0,
       9.55261252416069e-32,
       1.935559594109172e-31
      ],
      [
       2.068930242757988e-31,
       5.16028854474255e-32,
       1.0
      ],
      [
       1.8641398458084896e-31,
       1.0,
       6.539848910846718e-32
      ]
     ],
     [
      [
       1.0,
       1.4784871503307594e-32,
       5.042801219501369e-32
      ],
      [
       7.503064750784878e-32,
       1.64961638336165e-32,
       1.0
      ],
      [
       3.2405565424169996e-32,
       1.0,
       2.96328088400688e-32
      ]
     ],
     [
      [
       1.0,
       1.4644669932386625e-32,
       2.548562822460846e-32
      ],
      [
       3.0472773133232254e-32,
       8.643085772627948e-33,
       1.0
      ],
      [
       2.1272482725107317e-32,
       1.0,
       1.404439963559413e-32
      ]
     ],
     [
      [
       1.0,
       1.3382935831462453e-32,
       3.0669133060350256e-32
      ],
      [
       3.740077873759023e-32,
       1.4985298565439995e-32,
       1.0
      ],
      [
       2.15398797519288e-32,
       1.0,
       1.5840028427671376e-32
      ]
     ],
     [
      [
       1.0,
       1.1886476048350151e-32,
       2.5909899110249354e-32
      ],
      [
       3.3227695935931924e-32,
       9.776231468515656e-33,
       1.0
      ],
      [
       1.911541924129957e-32,
       1.0,
       1.6802114178998903e-32
      ]
     ],
     [
      [
       1.0,
       1.0633656190177164e-32,
       3.1610480059546886e-32
      ],
      [
       3.7469819878361154e-32,
       8.919182671346201e-33,
       1.0
      ],
      [
       2.0873836491270472e-32,
       1.0,
       1.59444970994654e-32
      ]
     ],
     [
      [
       1.0,
       1.1974950911713736e-32,
       3.0605594722905693e-32
      ],
      [
       3.686563741414197e-32,
       1.1575117322829562e-32,
       1.0
      ],
      [
       1.990643596442306e-32,
       1.0,
       1.5914429873421628e-32
      ]
     ],
     [
      [
       1.0,
       1.3231435094848598e-32,
       3.557438028161667e-32
      ],
      [
       4.085748065768064e-32,
       1.0904376919322077e-32,
       1.0
      ],
      [
       2.4097339039719683e-32,
       1.0,
       1.6240061217026633e-32
      ]
     ],
     [
      [
       1.0,
       1.2104805159582942e-32,
       3.335339685369733e-32
      ],
      [
       4.076546453515976e-32,
       1.1853656898909124e-32,
       1.0
      ],
      [
       2.340864388529081e-32,
       1.0,
       1.837655263368361e-32
      ]
     ],
     [
      [
       1.0,
       1.2517095417153072e-32,
       2.8784076688047156e-32
      ],
      [
       3.6451906924759205e-32,
       1.0915178169524397e-32,
       1.0
      ],
      [
       2.3801604725247907e-32,
       1.0,
       1.8104454148366682e-32
      ]
     ],
     [
      [
       1.0,
       1.0865883361949174e-32,
       3.0273416490532644e-32
      ],
      [
       3.518802586104835e-32,
       1.0688995212479462e-32,
       1.0
      ],
      [
       2.090184106340157e-32,
       1.0,
       1.5295065039991505e-32
      ]
     ],
     [
      [
       1.0,
       1.0708368523728344e-32,
       2.9878565076405037e-32
      ],
      [
       3.505400075476e-32,
       1.113829196358326e-32,
       1.0
      ],
      [
       1.892348209286598e-32,
       1.0,
       1.595760540861581e-32
      ]
     ],
     [
      [
       1.0,
       1.283186549622562e-32,
       2.84284844024148e-32
      ],
      [
       3.694278570086918e-32,
       1.1103900691131601e-32,
       1.0
      ],
      [
       2.1520579364582176e-32,
       1.0,
       1.615726166510164e-32
      ]
     ],
     [
      [
       1.0,
       1.1122913672373227e-32,
       2.8230729281922227e-32
      ],
      [
       3.311640531478099e-32,
       1.1098085214613525e-32,
       1.0
      ],
      [
       2.1099064951333616e-32,
       1.0,
       1.6317165161358953e-32
      ]
     ],
     [
      [
       1.0,
       1.2236858291477916e-32,
       3.056661361849117e-32
      ],
      [
       3.984131320197458e-32,
       9.942818909571589e-33,
       1.0
      ],
      [
       2.2625909966730855e-32,
       1.0,
       1.4422385859523617e-32
      ]
     ],
     [
      [
       1.0,
       1.3056944282747347e-32,
       3.450689403392331e-32
      ],
      [
       3.994235437968315e-32,
       9.1262544624735e-33,
       1.0
      ],
      [
       2.3585468942497175e-32,
       1.0,
       1.2878598367442523e-32
      ]
     ],
     [
      [
       1.0,
       1.5409503672253988e-32,
       3.2783514552165286e-32
      ],
      [
       4.077060502392337e-32,
       8.007234625635454e-33,
       1.0
      ],
      [
       2.4204990812815202e-32,
       1.0,
       1.1123719527273183e-32
      ]
     ],
     [
      [
       1.0,
       1.5925358892184696e-32,
       3.636896246048316e-32
      ],
      [
       4.400846369728761e-32,
       9.020397140364551e-33,
       1.0
      ],
      [
       2.5546028756321055e-32,
       1.0,
       1.1846702039509602e-32
      ]
     ],
     [
      [
       1.0,
       1.7331783880816318e-32,
       3.9029594340676993e-32
      ],
      [
       4.3571334747685715e-32,
       9.883438219676e-33,
       1.0
      ],
      [
       2.80915317209054e-32,
       1.0,
       1.273287934166124e-32
      ]
     ],
     [
      [
       1.0,
       1.8111261589091833e-32,
       4.198791581396628e-32
      ],
      [
       4.419461084345741e-32,
       7.624314538058429e-33,
       1.0
      ],
      [
       2.9428361373073454e-32,
       1.0,
       1.4591939894753826e-32
      ]
     ],
     [
      [
       1.0,
       1.9365365150954554e-32,
       4.992066239908074e-32
      ],
      [
       5.321428172426471e-32,
       9.537540028943746e-33,
       1.0
      ],
      [
       3.2622901577122015e-32,
       1.0,
       1.7013045635639904e-32
      ]
     ],
     [
      [
       1.0,
       1.8382669262289203e-32,
       4.4755955452463655e-32
      ],
      [
       5.852701866860631e-32,
       8.936314941956774e-33,
       1.0
      ],
      [
       3.774421916946206e-32,
       1.0,
       1.8338638653451905e-32
      ]
     ],
     [
      [
       1.0,
       2.4559918574394842e-32,
       4.493453267262876e-32
      ],
      [
       4.212899890289452e-32,
       1.172805100462675e-32,
       1.0
      ],
      [
       3.3576683342312875e-32,
       1.0,
       1.464734532254491e-32
      ]
     ]
    ],
    "lams": [
     [
      0.41348955525331504,
      0.4272275554625585,
      0.45928288928412664
     ],
     [
      0.29389375205117807,
      0.39042884678497713,
      0.6156774011638444
     ],
     [
      0.15062105293783942,
      0.34634493936549027,
      0.8030340076966711
     ],
     [
      0.059565887393739386,
      0.31832796535191915,
      0.92210614725434
     ],
     [
      0.016323056779206507,
      0.30502247900898655,
      0.9786544642118064
     ],
     [
      0.0031195975563493815,
      0.300959876171183,
      0.9959205262724642
     ],
     [
      0.0004943376464793157,
      0.3001521038912259,
      0.9993535584622909
     ],
     [
      5.49234260304261e-05,
      0.3000168995156982,
      0.9999281770582636
     ],
     [
      4.434297785498944e-06,
      0.300001364399318,
      0.9999942013029013
     ],
     [
      2.600421481482763e-07,
      0.30000008001296674,
      0.999999659944889
     ],
     [
      1.0511767398032565e-08,
      0.3000000032343947,
      0.9999999862538416
     ],
     [
      3.449029471596277e-10,
      0.3000000001061346,
      0.9999999995489677
     ],
     [
      7.407335113374294e-12,
      0.30000000000227633,
      0.9999999999903446
     ],
     [
      1.253277785164273e-13,
      0.3000000000000691,
      0.9999999999998951
     ],
     [
      1.3786923591413928e-15,
      0.3000000000000503,
      1.0
     ],
     [
      1.139259223348125e-17,
      0.3000000000000503,
      1.0
     ],
     [
      9.155361931242672e-19,
      0.3000000000000378,
      1.0
     ],
     [
      -8.608262582567678e-19,
      0.30000000000001714,
      1.0
     ],
     [
      -9.212676107413872e-19,
      0.2999999999999919,
      1.0
     ],
     [
      -6.615166353707637e-18,
      0.29999999999997073,
      1.0
     ],
     [
      5.439529231788625e-18,
      0.2999999999999777,
      1.0
     ],
     [
      -8.346685409111716e-18,
      0.2999999999999959,
      1.0
     ],
     [
      -1.065442428989487e-17,
      0.30000000000000643,
      1.0
     ],
     [
      3.441418818611946e-18,
      0.3000000000000007,
      1.0
     ]
    ]
   },
   "stop": "max_iter",
   "trace": [
    {
     "it": 20500,
     "E": 5.600893499857328,
     "E_u": 5.500845560646149,
     "E_v": 0.10004793921117902,
     "fmax": 8.102183657485597e-06,
     "dt": 0.2
    },
    {
     "it": 21000,
     "E": 5.600838057553068,
     "E_u": 5.500667147507993,
     "E_v": 0.10017091004507399,
     "fmax": 1.757908307980399e-05,
     "dt": 0.2
    },
    {
     "it": 21500,
     "E": 5.600807515068756,
     "E_u": 5.5005058097805515,
     "E_v": 0.1003017052882047,
     "fmax": 1.9177208676723202e-05,
     "dt": 0.2
    },
    {
     "it": 22000,
     "E": 5.600722792875425,
     "E_u": 5.500393362486323,
     "E_v": 0.1003294303891021,
     "fmax": 2.067367938816872e-05,
     "dt": 0.2
    },
    {
     "it": 22500,
     "E": 5.600650346882426,
     "E_u": 5.500292374327469,
     "E_v": 0.10035797255495614,
     "fmax": 3.6153496034687816e-05,
     "dt": 0.2
    },
    {
     "it": 23000,
     "E": 5.6005390009567355,
     "E_u": 5.500162022542624,
     "E_v": 0.10037697841411156,
     "fmax": 2.577610873456693e-05,
     "dt": 0.2
    },
    {
     "it": 23500,
     "E": 5.600282153525966,
     "E_u": 5.50000940151316,
     "E_v": 0.10027275201280604,
     "fmax": 8.882731817608939e-06,
     "dt": 0.2
    },
    {
     "it": 24000,
     "E": 5.600229032055729,
     "E_u": 5.499958143128507,
     "E_v": 0.10027088892722216,
     "fmax": 2.7398197989428625e-06,
     "dt": 0.2
    }
   ],
   "wall_s": 3439.4805591106415,
   "core_locus": {
    "vmax_rho": 2.5495097567963922,
    "vmax_z": -22.5,
    "vmax_r": 22.643983748448505,
    "shell_peak_r": 0.9640230152653093
   }
  },
  "A_free": {
   "seed": "A",
   "n": 48,
   "delta": 0.3,
   "bc": "free",
   "E_end": 0.02382186397264784,
   "E_u": 0.003931216622435322,
   "E_v": 0.019890647350212516,
   "u_over_3v": 0.06588048733354943,
   "r_half": 12.835497652993435,
   "retention": {
    "per_eig": [
     0.5826614972726883,
     0.5773977948870125,
     0.6957609050757416
    ],
    "mean": 0.6186067324118142
   },
   "core": {
    "core_lams": [
     -0.12422760651337174,
     0.45426366828836595,
     0.962546612578938
    ],
    "core_spread": 1.0867742190923098,
    "axis_lams": [
     -0.11264323288919725,
     0.4356285565033795,
     0.9686421672616509
    ]
   },
   "overlap_end": {
    "r": [
     0.8055840474786496,
     2.416752142435949,
     4.027920237393248,
     5.639088332350548,
     7.250256427307846,
     8.861424522265146,
     10.472592617222446,
     12.083760712179744,
     13.694928807137044,
     15.306096902094342,
     16.917264997051642,
     18.528433092008942,
     20.139601186966242,
     21.75076928192354,
     23.36193737688084,
     24.97310547183814,
     26.58427356679544,
     28.19544166175274,
     29.80660975671004,
     31.417777851667335,
     33.02894594662463,
     34.64011404158194,
     36.25128213653923,
     37.86245023149654
    ],
    "O": [
     [
      [
       0.3331005287170607,
       2.3994809713576187e-07,
       0.6668992313348422
      ],
      [
       0.00014769447141583383,
       0.9997884786117408,
       6.382691684318707e-05
      ],
      [
       0.6667517768115239,
       0.0002112814401618803,
       0.3330369417483147
      ]
     ],
     [
      [
       0.17002069681126278,
       0.2765658749706159,
       0.5534134282181213
      ],
      [
       0.3137731243931533,
       0.41410394907359516,
       0.27212292653325143
      ],
      [
       0.5162061787955837,
       0.30933017595578893,
       0.17446364524862712
      ]
     ],
     [
      [
       0.1780139289907847,
       0.32828396168500834,
       0.49370210932420694
      ],
      [
       0.386950643312162,
       0.3443328723077824,
       0.26871648438005563
      ],
      [
       0.4350354276970533,
       0.32738316600720924,
       0.23758140629573743
      ]
     ],
     [
      [
       0.2148357227005977,
       0.27479473611566446,
       0.5103695411837378
      ],
      [
       0.3424377794678392,
       0.3557934339132207,
       0.30176878661893997
      ],
      [
       0.44272649783156315,
       0.36941182997111477,
       0.18786167219732217
      ]
     ],
     [
      [
       0.2270534198013658,
       0.24356334294384646,
       0.5293832372547879
      ],
      [
       0.24077015934423127,
       0.44926374908787164,
       0.30996609156789706
      ],
      [
       0.532176420854403,
       0.3071729079682819,
       0.1606506711773152
      ]
     ],
     [
      [
       0.20505474155883488,
       0.28480873200092605,
       0.510136526440239
      ],
      [
       0.17305328333942058,
       0.4900534682599129,
       0.33689324840066653
      ],
      [
       0.6218919751017444,
       0.22513779973916093,
       0.15297022515909448
      ]
     ],
     [
      [
       0.19796877109574046,
       0.22941616291612044,
       0.5726150659881392
      ],
      [
       0.1314069210169777,
       0.5600443132463837,
       0.3085487657366386
      ],
      [
       0.670624307887282,
       0.21053952383749594,
       0.11883616827522221
      ]
     ],
     [
      [
       0.1576614388678909,
       0.28443537111953765,
       0.5579031900125715
      ],
      [
       0.1416135121738186,
       0.5427658912210204,
       0.31562059660516106
      ],
      [
       0.7007250489582906,
       0.17279873765944206,
       0.12647621338226744
      ]
     ],
     [
      [
       0.16195608591509553,
       0.25675636443541217,
       0.5812875496494923
      ],
      [
       0.11960001075991653,
       0.594520210091914,
       0.2858797791481696
      ],
      [
       0.718443903324988,
       0.1487234254726739,
       0.13283267120233813
      ]
     ],
     [
      [
       0.16353353137749704,
       0.2003148689460731,
       0.6361515996764299
      ],
      [
       0.11636405577727345,
       0.6379485291354706,
       0.24568741508725578
      ],
      [
       0.7201024128452295,
