{
 "seed": "R",
 "n": 48,
 "delta": 0.3,
 "bc": "pinned",
 "E_end": 0.6025125269717412,
 "E_u": 0.5272335356936763,
 "E_v": 0.07527899127806496,
 "u_over_3v": 2.3345758081259134,
 "r_half": 6.689544080129826,
 "retention": {
  "per_eig": [
   0.9664446280085632,
   0.9666663229802017,
   0.99172109259556
  ],
  "mean": 0.9749440145281083
 },
 "core": {
  "core_lams": [
   0.18407648986755074,
   0.33467670014141854,
   0.9466786918522556
  ],
  "core_spread": 0.7626022019847049,
  "axis_lams": [
   0.09884304626015869,
   0.27799672296593647,
   0.9869457667291945
  ]
 },
 "core_locus": {
  "vmax_rho": 2.1213203435596424,
  "vmax_z": 0.5,
  "vmax_r": 2.179449471770337,
  "shell_peak_r": 2.892069045795928
 },
 "core_locus_seed": {
  "vmax_rho": 3.8078865529319543,
  "vmax_z": -0.5,
  "vmax_r": 3.840572873934304,
  "shell_peak_r": 2.892069045795928
 },
 "overlap_end": {
  "r": [
   0.8055840474786496,
   2.416752142435949,
   4.027920237393248,
   5.639088332350548,
   7.250256427307846,
   8.861424522265146,
   10.472592617222446,
   12.083760712179744,
   13.694928807137044,
   15.306096902094342,
   16.917264997051642,
   18.528433092008942,
   20.139601186966242,
   21.75076928192354,
   23.36193737688084,
   24.97310547183814,
   26.58427356679544,
   28.19544166175274,
   29.80660975671004,
   31.417777851667335,
   33.02894594662463,
   34.64011404158194,
   36.25128213653923,
   37.86245023149654
  ],
  "O": [
   [
    [
     0.23592160273887625,
     0.6779583772825443,
     0.08612001997857935
    ],
    [
     0.4444834701498108,
     0.2949973782167401,
     0.26051915163344913
    ],
    [
     0.3195949271113132,
     0.02704424450071549,
     0.6533608283879715
    ]
   ],
   [
    [
     0.25869193023970277,
     0.38105867488697165,
     0.3602493948733256
    ],
    [
     0.235078181528825,
     0.5740993870279255,
     0.19082243144324945
    ],
    [
     0.5062298882314722,
     0.04484193808510286,
     0.4489281736834249
    ]
   ],
   [
    [
     0.1289434503510854,
     0.2694441512677995,
     0.6016123983811149
    ],
    [
     0.10933164086774809,
     0.6723908845009336,
     0.2182774746313182
    ],
    [
     0.7617249087811665,
     0.05816496423126677,
     0.18011012698756668
    ]
   ],
   [
    [
     0.04093173987219342,
     0.20064306179694322,
     0.7584251983308633
    ],
    [
     0.05033416234648357,
     0.7632321349224308,
     0.1864337027310856
    ],
    [
     0.9087340977813231,
     0.036124803280625964,
     0.055141098938051025
    ]
   ],
   [
    [
     0.02298080872434119,
     0.13617413095169192,
     0.8408450603239668
    ],
    [
     0.0252189215393717,
     0.8437712701347747,
     0.13100980832585352
    ],
    [
     0.9518002697362871,
     0.020054598913533294,
     0.028145131350179594
    ]
   ],
   [
    [
     0.011582341311500164,
     0.08932951882246105,
     0.8990881398660389
    ],
    [
     0.011610740596666549,
     0.9001972153477668,
     0.08819204405556662
    ],
    [
     0.9768069180918333,
     0.010473265829772118,
     0.012719816078394595
    ]
   ],
   [
    [
     0.006893234717771311,
     0.04292162123028448,
     0.9501851440519441
    ],
    [
     0.006669181118533342,
     0.9510212681447522,
     0.04230955073671466
    ],
    [
     0.9864375841636952,
     0.006057110624963517,
     0.007505305211341137
    ]
   ],
   [
    [
     0.0037340622177835575,
     0.026410765915140702,
     0.9698551718670757
    ],
    [
     0.0038037395272186893,
     0.9699995252988449,
     0.026196735173936243
    ],
    [
     0.9924621982549978,
     0.0035897087860142294,
     0.003948092958988017
    ]
   ],
   [
    [
     0.002239767326326235,
     0.01668067328403048,
     0.9810795593896433
    ],
    [
     0.0024199021996620293,
     0.9810183924635945,
     0.016561705336743615
    ],
    [
     0.9953403304740117,
     0.0023009342523751643,
     0.0023587352736131003
    ]
   ],
   [
    [
     0.0016027094953188323,
     0.01300430533472566,
     0.9853929851699555
    ],
    [
     0.0017930169458184844,
     0.9852195228872896,
     0.012987460166891748
    ],
    [
     0.9966042735588625,
     0.001776171777984573,
     0.001619554663152743
    ]
   ],
   [
    [
     0.001203252806928006,
     0.009388051331723782,
     0.9894086958613482
    ],
    [
     0.0013970960181800423,
     0.989204859709373,
     0.00939804427244694
    ],
    [
     0.997399651174892,
     0.001407088958903202,
     0.0011932598662048462
    ]
   ],
   [
    [
     0.000938451863113866,
     0.0069798614220964875,
     0.9920816867147897
    ],
    [
     0.001055829771194993,
     0.991935842910727,
     0.007008327318077848
    ],
    [
     0.9980057183656912,
     0.0010842956671763535,
     0.0009099859671325055
    ]
   ],
   [
    [
     0.0007353449299766167,
     0.0059329668265750285,
     0.9933316882434482
    ],
    [
     0.0010128742343030153,
     0.9930368237159736,
     0.005950302049723419
    ],
    [
     0.9982517808357204,
     0.0010302094574514069,
     0.000718009706828225
    ]
   ],
   [
    [
     0.0005311202005981923,
     0.005176806171212062,
     0.9942920736281897
    ],
    [
     0.0006866189035383845,
     0.9941157080093294,
     0.00519767308713236
    ],
    [
     0.9987822608958635,
     0.0007074858194586827,
     0.000510253284677894
    ]
   ],
   [
    [
     0.0002901434144917504,
     0.0033236986916910364,
     0.9963861578938172
    ],
    [
     0.00045799296102975475,
     0.9962056743413334,
     0.00333633269763687
    ],
    [
     0.9992518636244785,
     0.00047062696697558866,
     0.0002775094085459166
    ]
   ],
   [
    [
     0.00016508418138399975,
     0.0018251448173730296,
     0.998009771001243
    ],
    [
     0.00030026308375668734,
     0.997881930278113,
     0.00181780663813027
    ],
    [
     0.9995346527348594,
     0.0002929249045139274,
     0.00017242236062675972
    ]
   ],
   [
    [
     0.00013984465478352625,
     0.0013515252221916315,
     0.9985086301230249
    ],
    [
     0.00021075154693640048,
     0.9984444021722334,
     0.001344846280830163
    ],
    [
     0.99964940379828,
     0.00020407260557493188,
     0.00014652359614499477
    ]
   ],
   [
    [
     0.00011806497643501387,
     0.0009572017089525663,
     0.9989247333146124
    ],
    [
     0.00015180028100619908,
     0.998895474932863,
     0.00095272478613074
    ],
    [
     0.9997301347425588,
     0.00014732335818437296,
     0.00012254189925683994
    ]
   ],
   [
    [
     9.820013544608488e-05,
     0.0006776370383411691,
     0.9992241628262127
    ],
    [
     0.00011280644352701902,
     0.9992127968674106,
     0.000674396689062354
    ],
    [
     0.9997889934210269,
     0.00010956609424820382,
     0.0001014404847249
    ]
   ],
   [
    [
     7.754940847868772e-05,
     0.00042632921837234053,
     0.9994961213731489
    ],
    [
     7.578346364959326e-05,
     0.9994997031079174,
     0.00042451342843291394
    ],
    [
     0.9998466671278716,
     7.396767371016661e-05,
     7.936519841811432e-05
    ]
   ],
   [
    [
     5.68573912565333e-05,
     0.00026963309023729135,
     0.9996735095185062
    ],
    [
     4.9278740361282824e-05,
     0.9996820816673591,
     0.0002686395922796589
    ],
    [
     0.9998938638683822,
     4.828524240365029e-05,
     5.785088921416573e-05
    ]
   ],
   [
    [
     5.0140387051724944e-05,
     0.00022411313783829318,
     0.9997257464751099
    ],
    [
     4.292427408888242e-05,
     0.9997337514590445,
     0.00022332426686656417
    ],
    [
     0.9999069353388594,
     4.213540311715331e-05,
     5.092925802345398e-05
    ]
   ],
   [
    [
     4.709932345781989e-05,
     0.00018957131593205602,
     0.9997633293606102
    ],
    [
     3.566206616597517e-05,
     0.9997753448328428,
     0.0001889931009912833
    ],
    [
     0.9999172386103761,
     3.508385122520244e-05,
     4.7677538398592464e-05
    ]
   ],
   [
    [
     3.699818070055284e-05,
     0.000133879443008117,
     0.9998291223762913
    ],
    [
     2.3340975092667577e-05,
     0.9998432008468131,
     0.0001334581780943929
    ],
    [
     0.9999396608442067,
     2.291971017894361e-05,
     3.7419445614277075e-05
    ]
   ]
  ],
  "lams": [
   [
    0.1880368151174155,
    0.2909608345425056,
    0.9626931316890375
   ],
   [
    0.18297016008792252,
    0.37617826355729317,
    0.9283453761884272
   ],
   [
    0.1336628001740689,
    0.38261511061427983,
    0.9367841842674295
   ],
   [
    0.07747861065675746,
    0.34828216837971526,
    0.9632042570021461
   ],
   [
    0.03839680248642196,
    0.3272921885973198,
    0.9808406767519442
   ],
   [
    0.026358876827430617,
    0.30634487464445354,
    0.9916177490152202
   ],
   [
    0.016700063828706337,
    0.30359744594687477,
    0.9951928551399168
   ],
   [
    0.015374564920663917,
    0.3003134755666068,
    0.9970591018213484
   ],
   [
    0.012341362640507822,
    0.3004457458405417,
    0.997929060381674
   ],
   [
    0.012110558906905437,
    0.2996103330669385,
    0.9983658653063331
   ],
   [
    0.010453890859533532,
    0.3012610638380663,
    0.9982472245027414
   ],
   [
    0.009264615022389549,
    0.3020360601494589,
    0.9982624839398058
   ],
   [
    0.0076625859432115796,
    0.3035524766565375,
    0.9980409054286244
   ],
   [
    0.005913672400514704,
    0.3034780176935794,
    0.998311242319572
   ],
   [
    0.004548310500008043,
    0.30195939024854906,
    0.9989754087306835
   ],
   [
    0.004677130030642513,
    0.29989939506131624,
    0.9995512511043124
   ],
   [
    0.004510029794588571,
    0.2990317482655489,
    0.9998071969183597
   ],
   [
    0.004002124612872627,
    0.299060414992132,
    0.9998316194974126
   ],
   [
    0.00325502826990816,
    0.2991477405561141,
    0.9998727347072692
   ],
   [
    0.0023239970297904947,
    0.29952135486950804,
    0.9998310638549244
   ],
   [
    0.0015429551149966306,
    0.2998098780310501,
    0.9998293642909075
   ],
   [
    0.001071362097477434,
    0.299909787833932,
    0.9998624744757413
   ],
   [
    0.0006205556609143134,
    0.3000092020383963,
    0.9998972110748487
   ],
   [
    0.00018623659050922783,
    0.3000457334896871,
    0.999951299143692
   ]
  ]
 },
 "overlap_seed": {
  "r": [
   0.8055840474786496,
   2.416752142435949,
   4.027920237393248,
   5.639088332350548,
   7.250256427307846,
   8.861424522265146,
   10.472592617222446,
   12.083760712179744,
   13.694928807137044,
   15.306096902094342,
   16.917264997051642,
   18.528433092008942,
   20.139601186966242,
   21.75076928192354,
   23.36193737688084,
   24.97310547183814,
   26.58427356679544,
   28.19544166175274,
   29.80660975671004,
   31.417777851667335,
   33.02894594662463,
   34.64011404158194,
   36.25128213653923,
   37.86245023149654
  ],
  "O": [
   [
    [
     0.6453562277090801,
     1.5407439555097887e-32,
     0.35464377229092015
    ],
    [
     1.5705270127482174e-32,
     0.9999999999999999,
     2.553164278960271e-33
    ],
    [
     0.35464377229092015,
     2.046300565911438e-34,
     0.6453562277090797
    ]
   ],
   [
    [
     0.5500771964005076,
     1.2805026717744634e-31,
     0.4499228035994923
    ],
    [
     1.8948722050741758e-31,
     1.0,
     4.153159239295024e-32
    ],
    [
     0.4499228035994923,
     1.4795580639562676e-31,
     0.5500771964005077
    ]
   ],
   [
    [
     0.22106450871194763,
     1.8546856527555182e-30,
     0.7789354912880523
    ],
    [
     1.6536546201371077e-30,
     1.0,
     6.381667423581293e-31
    ],
    [
     0.7789354912880523,
     4.342652902480339e-31,
     0.22106450871194755
    ]
   ],
   [
    [
     0.04403874887577463,
     6.953834562812674e-32,
     0.9559612511242254
    ],
    [
     5.484824651150042e-32,
     1.0,
     7.967079337619017e-32
    ],
    [
     0.9559612511242255,
     7.343019707207866e-32,
     0.044038748875774615
    ]
   ],
   [
    [
     0.013277716316149905,
     5.090223998214727e-32,
     0.98672228368385
    ],
    [
     2.903007574421483e-32,
     1.0,
     6.040023725817319e-32
    ],
    [
     0.9867222836838502,
     4.7320456592198914e-32,
     0.013277716316149905
    ]
   ],
   [
    [
     0.0058315567349300134,
     4.2721586136013995e-32,
     0.9941684432650701
    ],
    [
     2.6323611549143093e-32,
     1.0,
     5.716140373395676e-32
    ],
    [
     0.9941684432650701,
     5.695741287061537e-32,
     0.005831556734930015
    ]
   ],
   [
    [
     0.002934114100437403,
     4.630622623282651e-32,
     0.9970658858995628
    ],
    [
     2.909581691077206e-32,
     1.0,
     6.175908168767342e-32
    ],
    [
     0.9970658858995628,
     5.220265094648133e-32,
     0.002934114100437404
    ]
   ],
   [
    [
     0.0016383283825159725,
     4.161533493532497e-32,
     0.998361671617484
    ],
    [
     2.3643775365623455e-32,
     1.0,
     5.542949221605016e-32
    ],
    [
     0.998361671617484,
     5.012428483145461e-32,
     0.0016383283825159723
    ]
   ],
   [
    [
     0.0010210472217333669,
     4.1365522054953026e-32,
     0.9989789527782665
    ],
    [
     2.885555533634394e-32,
     1.0,
     5.361956876956488e-32
    ],
    [
     0.9989789527782665,
     5.348620471175266e-32,
     0.001021047221733367
    ]
   ],
   [
    [
     0.0006265644067709037,
     3.958781263190294e-32,
     0.999373435593229
    ],
    [
     2.8155641099622563e-32,
     1.0,
     5.119420311428123e-32
    ],
    [
     0.999373435593229,
     4.9288395190180384e-32,
     0.0006265644067709038
    ]
   ],
   [
    [
     0.000424991834021872,
     3.8635762232872924e-32,
     0.9995750081659781
    ],
    [
     2.8095599466750974e-32,
     1.0,
     5.204114999982347e-32
    ],
    [
     0.9995750081659781,
     5.112943335265134e-32,
     0.0004249918340218717
    ]
   ],
   [
    [
     0.0002959578247499809,
     3.874854724258476e-32,
     0.9997040421752499
    ],
    [
     2.6145100342015295e-32,
     1.0,
     4.89797818588013e-32
    ],
    [
     0.9997040421752499,
     4.9217420137650046e-32,
     0.00029595782474998105
    ]
   ],
   [
    [
     0.0002086670433618597,
     3.6417664402556386e-32,
     0.9997913329566381
    ],
    [
     2.6281744788762895e-32,
     1.0,
     4.630866603263514e-32
    ],
    [
     0.9997913329566381,
     5.384148673025065e-32,
     0.00020866704336185978
    ]
   ],
   [
    [
     0.00015544545347136786,
     4.0155388527967346e-32,
     0.9998445545465287
    ],
    [
     2.7227618148698477e-32,
     1.0,
     5.371618952455881e-32
    ],
    [
     0.9998445545465287,
     5.351190594918477e-32,
     0.00015544545347136792
    ]
   ],
   [
    [
     0.00011488671062392846,
     4.1291163194587257e-32,
     0.999885113289376
    ],
    [
     2.679575468574587e-32,
     1.0,
     5.473666480136565e-32
    ],
    [
     0.999885113289376,
     5.163982217500551e-32,
     0.00011488671062392845
    ]
   ],
   [
    [
     9.827798626527234e-05,
     4.076688691080576e-32,
     0.9999017220137346
    ],
    [
     2.7954083008634846e-32,
     1.0,
     5.078344258245364e-32
    ],
    [
     0.9999017220137347,
     5.48543936069152e-32,
     9.827798626527238e-05
    ]
   ],
   [
    [
     8.539407825852121e-05,
     4.979362867063473e-32,
     0.9999146059217415
    ],
    [
     3.126731401419643e-32,
     1.0,
     6.015145333426014e-32
    ],
    [
     0.9999146059217415,
     6.558637475148935e-32,
     8.539407825852121e-05
    ]
   ],
   [
    [
     7.275422289518865e-05,
     5.166378369338954e-32,
     0.999927245777105
    ],
    [
     3.53462845340825e-32,
     1.0,
     6.232827037312616e-32
    ],
    [
     0.999927245777105,
     7.591017351259656e-32,
     7.275422289518858e-05
    ]
   ],
   [
    [
     6.084913802032969e-05,
     5.630541397530851e-32,
     0.9999391508619797
    ],
    [
     3.688952897137286e-32,
     1.0,
     6.113513058597988e-32
    ],
    [
     0.9999391508619797,
     7.716009855992184e-32,
     6.084913802032964e-05
    ]
   ],
   [
    [
     5.110264118828389e-05,
     5.212739702078459e-32,
     0.9999488973588118
    ],
    [
     3.836250413933542e-32,
     1.0,
     5.555684668022346e-32
    ],
    [
     0.9999488973588118,
     7.31877120523024e-32,
     5.110264118828388e-05
    ]
   ],
   [
    [
     4.37636438077809e-05,
     5.761290985490227e-32,
     0.9999562363561924
    ],
    [
     4.276802835868545e-32,
     1.0,
     5.809183277444548e-32
    ],
    [
     0.9999562363561924,
     8.788299974194187e-32,
     4.376364380778089e-05
    ]
   ],
   [
    [
     3.8101026961974645e-05,
     7.191534060454656e-32,
     0.9999618989730381
    ],
    [
     4.5076257261061555e-32,
     1.0,
     6.813987182853701e-32
    ],
    [
     0.9999618989730381,
     8.189668188154476e-32,
     3.810102696197461e-05
    ]
   ],
   [
    [
     3.275038554403173e-05,
     6.351318488324748e-32,
     0.9999672496144559
    ],
    [
     5.181688570077088e-32,
     1.0,
     5.245467106827478e-32
    ],
    [
     0.9999672496144559,
     9.221086928216515e-32,
     3.275038554403164e-05
    ]
   ],
   [
    [
     2.7898299473978083e-05,
     6.965542449610671e-32,
     0.9999721017005259
    ],
    [
     4.6736363795447053e-32,
     1.0,
     5.455542118434685e-32
    ],
    [
     0.9999721017005259,
     1.0302287941319183e-31,
     2.7898299473978184e-05
    ]
   ]
  ],
  "lams": [
   [
    0.07344992890634075,
    0.3225999781250279,
    0.9039500929686313
   ],
   [
    0.18094071684506063,
    0.35567406672155744,
    0.7633852164333816
   ],
   [
    0.21454904508376627,
    0.36601509079500544,
    0.71943586412123
   ],
   [
    0.11846422914013777,
    0.33645053204311975,
    0.8450852388167434
   ],
   [
    0.032582951918023226,
    0.310025523667084,
    0.9573915244148968
   ],
   [
    0.003541655703718494,
    0.3010897402165287,
    0.9953686040797555
   ],
   [
    0.00023488007848430385,
    0.3000722707933799,
    0.9996928491281369
   ],
   [
    6.423600287224841e-06,
    0.3000019764923962,
    0.9999915999073116
   ],
   [
    7.74340390247793e-08,
    0.30000002382585866,
    0.9999998987401056
   ],
   [
    4.946623232921471e-10,
    0.30000000015220074,
    0.9999999993531413
   ],
   [
    9.905742516432346e-13,
    0.30000000000028776,
    0.9999999999987229
   ],
   [
    1.4028718506107374e-15,
    0.2999999999999745,
    0.9999999999999998
   ],
   [
    1.5407969851872536e-18,
    0.30000000000000093,
    1.0
   ],
   [
    2.009497618344238e-18,
    0.30000000000003135,
    1.0
   ],
   [
    -1.0455395377539501e-18,
    0.3000000000000503,
    1.0
   ],
   [
    1.7543059243449814e-18,
    0.3000000000000503,
    1.0
   ],
   [
    -1.0712188742864688e-19,
    0.3000000000000378,
    1.0
   ],
   [
    1.3524508400695947e-18,
    0.30000000000001714,
    1.0
   ],
   [
    1.2461782918969188e-18,
    0.2999999999999919,
    1.0
   ],
   [
    -3.6430361771903396e-18,
    0.29999999999997073,
    1.0
   ],
   [
    1.6168327529124461e-19,
    0.2999999999999777,
    1.0
   ],
   [
    -2.8996034371079682e-18,
    0.2999999999999959,
    1.0
   ],
   [
    -3.723626940808204e-18,
    0.30000000000000643,
    1.0
   ],
   [
    -2.4399401646382647e-18,
    0.3000000000000007,
    1.0
   ]
  ]
 },
 "stop": "max_iter",
 "trace": [
  {
   "it": 4500,
   "E": 0.6847632677400072,
   "E_u": 0.5872941858679902,
   "E_v": 0.09746908187201699,
   "fmax": 0.0009008648821287925,
   "dt": 0.08556828005858293
  },
  {
   "it": 5000,
   "E": 0.6676728155344013,
   "E_u": 0.574625027466681,
   "E_v": 0.09304778806772025,
   "fmax": 0.00048717979045926447,
   "dt": 0.09250312430322713
  },
  {
   "it": 5500,
   "E": 0.6518082319158105,
   "E_u": 0.5629553834137587,
   "E_v": 0.08885284850205172,
   "fmax": 0.004734749829727932,
   "dt": 0.11688857326491756
  },
  {
   "it": 6000,
   "E": 0.6392077291711706,
   "E_u": 0.5537465938227303,
   "E_v": 0.08546113534844035,
   "fmax": 0.003165497675047482,
   "dt": 0.054540038073692836
  },
  {
   "it": 6500,
   "E": 0.6277933749698199,
   "E_u": 0.5454364002586709,
   "E_v": 0.08235697471114904,
   "fmax": 0.0008367949919414091,
   "dt": 0.09180124900177442
  },
  {
   "it": 7000,
   "E": 0.6182166687755902,
   "E_u": 0.5385051008334324,
   "E_v": 0.07971156794215783,
   "fmax": 0.002757606070446678,
   "dt": 0.0479720548790234
  },
  {
   "it": 7500,
   "E": 0.6099977271385366,
   "E_u": 0.5325945369492667,
   "E_v": 0.07740319018926986,
   "fmax": 0.0013948516393278343,
   "dt": 0.045579059986854756
  },
  {
   "it": 8000,
   "E": 0.6025125269717412,
   "E_u": 0.5272335356936763,
   "E_v": 0.07527899127806496,
   "fmax": 0.010611861945644629,
   "dt": 0.16878008381340417
  }
 ],
 "wall_s": 1211.6915829181671,
 "wscale": 0.000724023879
}